   =========================================================================  

                    SINGLE PHASE - SLIGHTLY-COMPRESSIBLE-FLOW                 
       CARTESIAN (variable depth/variable thickness) - FINITE DIFFERENCE      
                              BLOCK CENTERED GRID                             
                              SIMULATOR Ver. 0.0.3                            

                              capico@lenep.uenf.br                            
                           bismarckjunior@outlook.com                         

   =========================================================================  

     Project Name: newmann.ini 

  nrow:                [50]
  ncol:                [50]
  initialTime:         [0]
  maxSteps:            [100]
  dt:                  [0.01]
  cf:                  [9e-006]
  cphi:                [3e-006]
  geometry:            [full]
  modGeom:             [**UNDEF**]
  modTransmissibility: [**UNDEF**]
  porosity:            [0.3]
  kx:                  [100]
  ky:                  [100]
  thickness:           [10]
  zTop:                [5]
  dx:                  [50]
  dy:                  [50]
  rhoSC:               [52.4]
  fproprows:           [15]
  dpprops:             [250]
  props file:          [fluidprop_.dat]
  p0:                  [14.7]
  z0:                  [10]
  wells file:          [**UNDEF**]
  output file:         [newmannOut.dat]
  boundary file:       [newmannBc.dat]

  ----------------------------------------------------------------------------

----------------------------------------------------------------------------
  Time[Day]    P [psi]      P [psi]      P [psi]      P [psi]      P [psi]    
              (000,000)    (005,000)    (010,000)    (015,000)    (020,000)   
----------------------------------------------------------------------------
 0.000E+000   7.996E+003   7.909E+003   7.683E+003   7.341E+003   6.918E+003 
 1.000E-002   7.967E+003   7.881E+003   7.660E+003   7.325E+003   6.909E+003 
 2.000E-002   7.939E+003   7.854E+003   7.637E+003   7.308E+003   6.901E+003 
 3.000E-002   7.910E+003   7.827E+003   7.614E+003   7.292E+003   6.893E+003 
 4.000E-002   7.883E+003   7.801E+003   7.592E+003   7.276E+003   6.885E+003 
 5.000E-002   7.856E+003   7.776E+003   7.570E+003   7.261E+003   6.877E+003 
 6.000E-002   7.829E+003   7.750E+003   7.549E+003   7.245E+003   6.869E+003 
 7.000E-002   7.803E+003   7.726E+003   7.528E+003   7.230E+003   6.862E+003 
 8.000E-002   7.777E+003   7.701E+003   7.508E+003   7.216E+003   6.854E+003 
 9.000E-002   7.752E+003   7.678E+003   7.488E+003   7.201E+003   6.847E+003 
 1.000E-001   7.727E+003   7.654E+003   7.468E+003   7.187E+003   6.840E+003 
 1.100E-001   7.702E+003   7.631E+003   7.449E+003   7.174E+003   6.833E+003 
 1.200E-001   7.679E+003   7.609E+003   7.430E+003   7.160E+003   6.826E+003 
 1.300E-001   7.655E+003   7.587E+003   7.411E+003   7.147E+003   6.820E+003 
 1.400E-001   7.632E+003   7.565E+003   7.393E+003   7.134E+003   6.813E+003 
 1.500E-001   7.609E+003   7.544E+003   7.375E+003   7.121E+003   6.807E+003 
 1.600E-001   7.587E+003   7.523E+003   7.358E+003   7.109E+003   6.801E+003 
 1.700E-001   7.566E+003   7.502E+003   7.340E+003   7.096E+003   6.795E+003 
 1.800E-001   7.544E+003   7.482E+003   7.324E+003   7.084E+003   6.789E+003 
 1.900E-001   7.523E+003   7.463E+003   7.307E+003   7.072E+003   6.783E+003 
 2.000E-001   7.503E+003   7.443E+003   7.291E+003   7.061E+003   6.777E+003 
 2.100E-001   7.483E+003   7.424E+003   7.275E+003   7.050E+003   6.771E+003 
 2.200E-001   7.463E+003   7.406E+003   7.259E+003   7.039E+003   6.766E+003 
 2.300E-001   7.444E+003   7.388E+003   7.244E+003   7.028E+003   6.761E+003 
 2.400E-001   7.425E+003   7.370E+003   7.229E+003   7.017E+003   6.755E+003 
 2.500E-001   7.406E+003   7.352E+003   7.214E+003   7.007E+003   6.750E+003 
 2.600E-001   7.388E+003   7.335E+003   7.200E+003   6.996E+003   6.745E+003 
 2.700E-001   7.370E+003   7.318E+003   7.186E+003   6.986E+003   6.740E+003 
 2.800E-001   7.353E+003   7.302E+003   7.172E+003   6.977E+003   6.735E+003 
 2.900E-001   7.335E+003   7.286E+003   7.159E+003   6.967E+003   6.730E+003 
 3.000E-001   7.319E+003   7.270E+003   7.145E+003   6.958E+003   6.726E+003 
 3.100E-001   7.302E+003   7.254E+003   7.132E+003   6.948E+003   6.721E+003 
 3.200E-001   7.286E+003   7.239E+003   7.120E+003   6.939E+003   6.717E+003 
 3.300E-001   7.270E+003   7.224E+003   7.107E+003   6.930E+003   6.712E+003 
 3.400E-001   7.255E+003   7.210E+003   7.095E+003   6.922E+003   6.708E+003 
 3.500E-001   7.239E+003   7.195E+003   7.083E+003   6.913E+003   6.704E+003 
 3.600E-001   7.224E+003   7.181E+003   7.071E+003   6.905E+003   6.700E+003 
 3.700E-001   7.210E+003   7.168E+003   7.060E+003   6.897E+003   6.696E+003 
 3.800E-001   7.196E+003   7.154E+003   7.048E+003   6.889E+003   6.692E+003 
 3.900E-001   7.182E+003   7.141E+003   7.037E+003   6.881E+003   6.688E+003 
 4.000E-001   7.168E+003   7.128E+003   7.026E+003   6.873E+003   6.684E+003 
 4.100E-001   7.154E+003   7.115E+003   7.016E+003   6.866E+003   6.680E+003 
 4.200E-001   7.141E+003   7.103E+003   7.005E+003   6.858E+003   6.677E+003 
 4.300E-001   7.128E+003   7.091E+003   6.995E+003   6.851E+003   6.673E+003 
 4.400E-001   7.115E+003   7.079E+003   6.985E+003   6.844E+003   6.670E+003 
 4.500E-001   7.103E+003   7.067E+003   6.975E+003   6.837E+003   6.666E+003 
 4.600E-001   7.091E+003   7.056E+003   6.966E+003   6.830E+003   6.663E+003 
 4.700E-001   7.079E+003   7.044E+003   6.956E+003   6.823E+003   6.659E+003 
 4.800E-001   7.067E+003   7.033E+003   6.947E+003   6.817E+003   6.656E+003 
 4.900E-001   7.056E+003   7.023E+003   6.938E+003   6.811E+003   6.653E+003 
 5.000E-001   7.044E+003   7.012E+003   6.929E+003   6.804E+003   6.650E+003 
 5.100E-001   7.033E+003   7.002E+003   6.921E+003   6.798E+003   6.647E+003 
 5.200E-001   7.023E+003   6.992E+003   6.912E+003   6.792E+003   6.644E+003 
 5.300E-001   7.012E+003   6.982E+003   6.904E+003   6.786E+003   6.641E+003 
 5.400E-001   7.002E+003   6.972E+003   6.896E+003   6.780E+003   6.638E+003 
 5.500E-001   6.992E+003   6.962E+003   6.888E+003   6.775E+003   6.635E+003 
 5.600E-001   6.982E+003   6.953E+003   6.880E+003   6.769E+003   6.633E+003 
 5.700E-001   6.972E+003   6.944E+003   6.872E+003   6.764E+003   6.630E+003 
 5.800E-001   6.962E+003   6.935E+003   6.865E+003   6.758E+003   6.627E+003 
 5.900E-001   6.953E+003   6.926E+003   6.857E+003   6.753E+003   6.625E+003 
 6.000E-001   6.944E+003   6.918E+003   6.850E+003   6.748E+003   6.622E+003 
 6.100E-001   6.935E+003   6.909E+003   6.843E+003   6.743E+003   6.620E+003 
 6.200E-001   6.926E+003   6.901E+003   6.836E+003   6.738E+003   6.617E+003 
 6.300E-001   6.918E+003   6.893E+003   6.829E+003   6.733E+003   6.615E+003 
 6.400E-001   6.909E+003   6.885E+003   6.822E+003   6.729E+003   6.613E+003 
 6.500E-001   6.901E+003   6.877E+003   6.816E+003   6.724E+003   6.610E+003 
 6.600E-001   6.893E+003   6.869E+003   6.810E+003   6.719E+003   6.608E+003 
 6.700E-001   6.885E+003   6.862E+003   6.803E+003   6.715E+003   6.606E+003 
 6.800E-001   6.877E+003   6.855E+003   6.797E+003   6.711E+003   6.604E+003 
 6.900E-001   6.869E+003   6.847E+003   6.791E+003   6.706E+003   6.602E+003 
 7.000E-001   6.862E+003   6.840E+003   6.785E+003   6.702E+003   6.600E+003 
 7.100E-001   6.855E+003   6.834E+003   6.780E+003   6.698E+003   6.598E+003 
 7.200E-001   6.847E+003   6.827E+003   6.774E+003   6.694E+003   6.596E+003 
 7.300E-001   6.840E+003   6.820E+003   6.768E+003   6.690E+003   6.594E+003 
 7.400E-001   6.834E+003   6.814E+003   6.763E+003   6.686E+003   6.592E+003 
 7.500E-001   6.827E+003   6.807E+003   6.758E+003   6.683E+003   6.590E+003 
 7.600E-001   6.820E+003   6.801E+003   6.752E+003   6.679E+003   6.588E+003 
 7.700E-001   6.814E+003   6.795E+003   6.747E+003   6.675E+003   6.586E+003 
 7.800E-001   6.807E+003   6.789E+003   6.742E+003   6.672E+003   6.585E+003 
 7.900E-001   6.801E+003   6.783E+003   6.737E+003   6.668E+003   6.583E+003 
 8.000E-001   6.795E+003   6.778E+003   6.733E+003   6.665E+003   6.581E+003 
 8.100E-001   6.789E+003   6.772E+003   6.728E+003   6.661E+003   6.580E+003 
 8.200E-001   6.783E+003   6.766E+003   6.723E+003   6.658E+003   6.578E+003 
 8.300E-001   6.778E+003   6.761E+003   6.719E+003   6.655E+003   6.576E+003 
 8.400E-001   6.772E+003   6.756E+003   6.714E+003   6.652E+003   6.575E+003 
 8.500E-001   6.766E+003   6.751E+003   6.710E+003   6.649E+003   6.573E+003 
 8.600E-001   6.761E+003   6.746E+003   6.706E+003   6.646E+003   6.572E+003 
 8.700E-001   6.756E+003   6.741E+003   6.702E+003   6.643E+003   6.570E+003 
 8.800E-001   6.751E+003   6.736E+003   6.698E+003   6.640E+003   6.569E+003 
 8.900E-001   6.746E+003   6.731E+003   6.694E+003   6.637E+003   6.568E+003 
 9.000E-001   6.741E+003   6.726E+003   6.690E+003   6.634E+003   6.566E+003 
 9.100E-001   6.736E+003   6.722E+003   6.686E+003   6.632E+003   6.565E+003 
 9.200E-001   6.731E+003   6.717E+003   6.682E+003   6.629E+003   6.563E+003 
 9.300E-001   6.726E+003   6.713E+003   6.678E+003   6.626E+003   6.562E+003 
 9.400E-001   6.722E+003   6.709E+003   6.675E+003   6.624E+003   6.561E+003 
 9.500E-001   6.717E+003   6.704E+003   6.671E+003   6.621E+003   6.560E+003 
 9.600E-001   6.713E+003   6.700E+003   6.668E+003   6.619E+003   6.558E+003 
 9.700E-001   6.709E+003   6.696E+003   6.664E+003   6.616E+003   6.557E+003 
 9.800E-001   6.704E+003   6.692E+003   6.661E+003   6.614E+003   6.556E+003 
 9.900E-001   6.700E+003   6.688E+003   6.658E+003   6.612E+003   6.555E+003 
 1.000E+000   6.696E+003   6.684E+003   6.655E+003   6.610E+003   6.554E+003 