   =========================================================================  

                    SINGLE PHASE - SLIGHTLY-COMPRESSIBLE-FLOW                 
       CARTESIAN (variable depth/variable thickness) - FINITE DIFFERENCE      
                              BLOCK CENTERED GRID                             
                              SIMULATOR Ver. 0.0.3                            

                              capico@lenep.uenf.br                            
                           bismarckjunior@outlook.com                         

   =========================================================================  

     Project Name: newmann2.ini 

  nrow:                [50]
  ncol:                [50]
  initialTime:         [0]
  maxSteps:            [60]
  dt:                  [0.05]
  cf:                  [9e-006]
  cphi:                [3e-006]
  geometry:            [full]
  modGeom:             [**UNDEF**]
  modTransmissibility: [**UNDEF**]
  porosity:            [0.3]
  kx:                  [100]
  ky:                  [100]
  thickness:           [10]
  zTop:                [5]
  dx:                  [50]
  dy:                  [50]
  rhoSC:               [52.4]
  fproprows:           [15]
  dpprops:             [250]
  props file:          [fluidprop_.dat]
  p0:                  [14.7]
  z0:                  [10]
  wells file:          [**UNDEF**]
  output file:         [newmannOut.dat]
  boundary file:       [newmannBc.dat]

  ----------------------------------------------------------------------------

---------------------------------------------------------------
  Time[Day]    P [psi]      P [psi]      P [psi]      P [psi]    
              (000,000)    (005,005)    (010,010)    (015,015)   
---------------------------------------------------------------
 0.000E+000   7.996E+003   7.587E+003   6.795E+003   6.190E+003 
 5.000E-002   7.860E+003   7.487E+003   6.766E+003   6.218E+003 
 1.000E-001   7.735E+003   7.395E+003   6.740E+003   6.244E+003 
 1.500E-001   7.622E+003   7.312E+003   6.717E+003   6.268E+003 
 2.000E-001   7.518E+003   7.237E+003   6.697E+003   6.289E+003 
 2.500E-001   7.423E+003   7.168E+003   6.678E+003   6.309E+003 
 3.000E-001   7.337E+003   7.106E+003   6.662E+003   6.326E+003 
 3.500E-001   7.259E+003   7.049E+003   6.646E+003   6.342E+003 
 4.000E-001   7.189E+003   6.998E+003   6.633E+003   6.357E+003 
 4.500E-001   7.124E+003   6.952E+003   6.621E+003   6.370E+003 
 5.000E-001   7.066E+003   6.910E+003   6.609E+003   6.382E+003 
 5.500E-001   7.013E+003   6.871E+003   6.599E+003   6.393E+003 
 6.000E-001   6.965E+003   6.837E+003   6.590E+003   6.403E+003 
 6.500E-001   6.922E+003   6.805E+003   6.582E+003   6.412E+003 
 7.000E-001   6.882E+003   6.777E+003   6.574E+003   6.421E+003 
 7.500E-001   6.846E+003   6.751E+003   6.567E+003   6.428E+003 
 8.000E-001   6.814E+003   6.728E+003   6.561E+003   6.435E+003 
 8.500E-001   6.785E+003   6.706E+003   6.555E+003   6.441E+003 
 9.000E-001   6.758E+003   6.687E+003   6.550E+003   6.446E+003 
 9.500E-001   6.734E+003   6.670E+003   6.546E+003   6.451E+003 
 1.000E+000   6.712E+003   6.654E+003   6.541E+003   6.456E+003 
 1.050E+000   6.692E+003   6.639E+003   6.538E+003   6.460E+003 
 1.100E+000   6.674E+003   6.626E+003   6.534E+003   6.464E+003 
 1.150E+000   6.658E+003   6.615E+003   6.531E+003   6.467E+003 
 1.200E+000   6.643E+003   6.604E+003   6.528E+003   6.470E+003 
 1.250E+000   6.630E+003   6.594E+003   6.525E+003   6.473E+003 
 1.300E+000   6.618E+003   6.585E+003   6.523E+003   6.476E+003 
 1.350E+000   6.607E+003   6.577E+003   6.521E+003   6.478E+003 
 1.400E+000   6.597E+003   6.570E+003   6.519E+003   6.480E+003 
 1.450E+000   6.588E+003   6.564E+003   6.517E+003   6.482E+003 
 1.500E+000   6.580E+003   6.558E+003   6.516E+003   6.483E+003 
 1.550E+000   6.572E+003   6.552E+003   6.514E+003   6.485E+003 
 1.600E+000   6.565E+003   6.547E+003   6.513E+003   6.486E+003 
 1.650E+000   6.559E+003   6.543E+003   6.512E+003   6.488E+003 
 1.700E+000   6.554E+003   6.539E+003   6.511E+003   6.489E+003 
 1.750E+000   6.549E+003   6.535E+003   6.510E+003   6.490E+003 
 1.800E+000   6.544E+003   6.532E+003   6.509E+003   6.491E+003 
 1.850E+000   6.540E+003   6.529E+003   6.508E+003   6.492E+003 
 1.900E+000   6.536E+003   6.526E+003   6.507E+003   6.492E+003 
 1.950E+000   6.533E+003   6.524E+003   6.506E+003   6.493E+003 
 2.000E+000   6.530E+003   6.522E+003   6.506E+003   6.494E+003 
 2.050E+000   6.527E+003   6.520E+003   6.505E+003   6.494E+003 
 2.100E+000   6.525E+003   6.518E+003   6.505E+003   6.495E+003 
 2.150E+000   6.522E+003   6.516E+003   6.504E+003   6.495E+003 
 2.200E+000   6.520E+003   6.515E+003   6.504E+003   6.496E+003 
 2.250E+000   6.518E+003   6.513E+003   6.504E+003   6.496E+003 
 2.300E+000   6.517E+003   6.512E+003   6.503E+003   6.497E+003 
 2.350E+000   6.515E+003   6.511E+003   6.503E+003   6.497E+003 
 2.400E+000   6.514E+003   6.510E+003   6.503E+003   6.497E+003 
 2.450E+000   6.512E+003   6.509E+003   6.502E+003   6.497E+003 
 2.500E+000   6.511E+003   6.508E+003   6.502E+003   6.498E+003 
 2.550E+000   6.510E+003   6.507E+003   6.502E+003   6.498E+003 
 2.600E+000   6.509E+003   6.507E+003   6.502E+003   6.498E+003 
 2.650E+000   6.508E+003   6.506E+003   6.502E+003   6.498E+003 
 2.700E+000   6.508E+003   6.506E+003   6.501E+003   6.498E+003 
 2.750E+000   6.507E+003   6.505E+003   6.501E+003   6.499E+003 
 2.800E+000   6.506E+003   6.505E+003   6.501E+003   6.499E+003 
 2.850E+000   6.506E+003   6.504E+003   6.501E+003   6.499E+003 
 2.900E+000   6.505E+003   6.504E+003   6.501E+003   6.499E+003 
 2.950E+000   6.505E+003   6.503E+003   6.501E+003   6.499E+003 
 3.000E+000   6.504E+003   6.503E+003   6.501E+003   6.499E+003 