0.01779
0.02846
0.04463
0.06861
0.10338
0.15269
0.22105
0.31369
0.43633
0.59490
0.79504
1.04147
1.33728
1.68310
2.07640
2.51089
2.97617
3.45781
3.93786
4.39574
4.80971
5.15845
5.42293
5.58808
5.64424
5.58808
5.42293
5.15845
4.80971
4.39574
3.93786
3.45781
2.97617
2.51089
2.07640
1.68310
1.33728
1.04147
0.79504
0.59490
0.43633
0.31369
0.22105
0.15269
0.10338
0.06861
0.04463
0.02846
0.01779
0.01090
0.02715
0.03460
0.04387
0.05535
0.06949
0.08681
0.10791
0.13345
0.16423
0.20109
0.24500
0.29701
0.35826
0.42999
0.51350
0.61018
0.72144
0.84874
0.99352
1.15720
1.34111
1.54651
1.77447
2.02587
2.30136
2.60127
2.92560
3.27396
3.64552
4.03901
4.45265
4.88417
5.33079
5.78923
6.25574
6.72613
7.19581
7.65990
8.11326
8.55058
8.96654
9.35583
9.71333
10.03420
10.31397
10.54867
10.73489
10.86992
10.95175
10.97917
