1 2.465 6.898 7,556.46 7,589.05 6,339.59 6,000 3,000 10,960.56 13,960.56
2 2.475 6.917 7,430.02 7,487.94 6,217.73 6,000 3,000 10,292.32 27,252.88
3 2.481 6.932 7,342.54 7,419.73 6,133.56 6,000 3,000 9,841.71 40,094.59
4 2.486 6.943 7,278.86 7370.64 6,072.24 6,000 3,000 9,515.97 52,610.56
5 2.490 6.951 7,230.36 7,333.22 6,025.52 6,000 3,000 9,266.94 64,877.51
10 2.499 6.972 7,104.27 7,231.58 5,903.95 6,000 3,000 8,587.15 122,813.25
15 2.505 6.987 7,020.77 7,162.02 5,823.35 6,000 3,000 8,119.02 178,408.31
20 2.511 6.998 6,955.01 7,107.21 5,760.08 6,000 3,000 7,748.62 232,151.42
25 2.515 7.008 6,897.75 7,060.57 5,705.05 6,000 3,000 7,432.32 284,313.06
30 2.520 7.016 6,845.11 7,019.11 5,654.42 6,000 3,000 7,150.31 335,064.56
35 2.524 7.024 6,795.26 6,981.26 5,606.46 6,000 3,000 6,892.78 384,528.44
40 2.527 7.033 6,747.30 6,946.13 5,560.29 6,000 3,000 6,653.71 432,797.00
45 2.531 7.040 6,700.79 6,913.19 5,515.48 6,000 3,000 6,428.97 479,941.84
50 2.534 7.047 6,655.42 6,882.09 5,471.75 6,000 3,000 6,216.26 526,023.12
55 2.538 7.054 6,611.02 6,852.57 5,428.92 6,000 3,000 6,013.95 571,092.88
60 2.541 7.060 6,567.47 6,824.45 5,386.90 6,000 3,000 5,820.78 615,196.75
65 2.544 7.066 6,524.72 6,797.57 5,345.62 6,000 3,000 5,635.80 658,375.75
70 2.548 7.072 6,482.71 6,771.82 5,305.13 6,000 3,000 5,458.28 700,667.12
75 2.551 7.077 6,441.43 6,747.11 5,265.45 6,000 3,000 5,287.59 742,105.06
80 2.554 7.083 6,400.82 6,723.35 5,226.39 6,000 3,000 5,123.24 782,721.25
85 2.558 7.088 6,360.95 6,700.48 5,188.02 6,000 3,000 4,964.77 822,545.06
90 2.561 7.092 6,321.73 6,678.44 5,150.25 6,000 3,000 4,811.79 861,604.06
95 2.564 7.097 6,283.16 6,657.17 5,113.09 6,000 3,000 4,663.95 899,923.75
100 2.567 7.101 6,245.25 6,636.63 5,076.53 6,000 3,000 4,520.95 937,528.50