   =========================================================================  

                    SINGLE PHASE - SLIGHTLY-COMPRESSIBLE-FLOW                 
       CARTESIAN (variable depth/variable thickness) - FINITE DIFFERENCE      
                              BLOCK CENTERED GRID                             
                              SIMULATOR Ver. 0.0.3                            

                              capico@lenep.uenf.br                            
                           bismarckjunior@outlook.com                         

   =========================================================================  

     Project Name: SPE_A1-3.ini 

  nrow:                [11]
  ncol:                [14]
  initialTime:         [0]
  maxSteps:            [100]
  dt:                  [1]
  cf:                  [0]
  cphi:                [3e-006]
  geometry:            [geometrybc.dat]
  modGeom:             [**UNDEF**]
  modTransmissibility: [**UNDEF**]
  porosity:            [porosity.dat]
  kx:                  [kx.dat]
  ky:                  [ky.dat]
  thickness:           [thickness.dat]
  zTop:                [ztop.dat]
  dx:                  [dx.dat]
  dy:                  [dy.dat]
  rhoSC:               [-1]
  fproprows:           [21]
  dpprops:             [250]
  props file:          [fluidprop2.dat]
  p0:                  [7750]
  z0:                  [9306.5]
  wells file:          [wells.dat]
  output file:         [outsFile.dat]
  boundary file:       [**UNDEF**]

  ----------------------------------------------------------------------------

------------------------------------------------------------------------------------------------------
  Time[Day]    Np [bbl]     P [psi]     Pwf [psi]    Qw[bbl/d]     P [psi]     Pwf [psi]    Qw[bbl/d]   
                           (004,004)    (004,004)    (004,004)    (009,003)    (009,003)    (009,003)   
------------------------------------------------------------------------------------------------------
 0.000E+000   0.000E+000   7.750E+003   6.000E+003  -2.141E+006   7.750E+003   6.527E+003  -5.343E+005 
 1.000E+000   2.488E+006   7.590E+003   6.000E+003  -1.954E+006   7.557E+003   6.341E+003  -5.343E+005 
 2.000E+000   4.856E+006   7.488E+003   6.000E+003  -1.834E+006   7.431E+003   6.219E+003  -5.343E+005 
 3.000E+000   7.145E+006   7.421E+003   6.000E+003  -1.755E+006   7.344E+003   6.135E+003  -5.343E+005 
 4.000E+000   9.377E+006   7.372E+003   6.000E+003  -1.697E+006   7.280E+003   6.074E+003  -5.343E+005 
 5.000E+000   1.156E+007   7.334E+003   6.000E+003  -1.652E+006   7.231E+003   6.027E+003  -5.343E+005 
 6.000E+000   1.371E+007   7.304E+003   6.000E+003  -1.616E+006   7.194E+003   5.990E+003  -5.343E+005 
 7.000E+000   1.583E+007   7.279E+003   6.000E+003  -1.586E+006   7.162E+003   5.960E+003  -5.343E+005 
 8.000E+000   1.793E+007   7.257E+003   6.000E+003  -1.560E+006   7.135E+003   5.934E+003  -5.343E+005 
 9.000E+000   2.000E+007   7.238E+003   6.000E+003  -1.538E+006   7.112E+003   5.912E+003  -5.343E+005 
 1.000E+001   2.205E+007   7.221E+003   6.000E+003  -1.518E+006   7.091E+003   5.892E+003  -5.343E+005 
 1.100E+001   2.409E+007   7.206E+003   6.000E+003  -1.499E+006   7.073E+003   5.874E+003  -5.343E+005 
 1.200E+001   2.610E+007   7.192E+003   6.000E+003  -1.482E+006   7.056E+003   5.857E+003  -5.343E+005 
 1.300E+001   2.810E+007   7.178E+003   6.000E+003  -1.466E+006   7.040E+003   5.842E+003  -5.343E+005 
 1.400E+001   3.009E+007   7.165E+003   6.000E+003  -1.451E+006   7.025E+003   5.827E+003  -5.343E+005 
 1.500E+001   3.206E+007   7.153E+003   6.000E+003  -1.436E+006   7.010E+003   5.814E+003  -5.343E+005 
 1.600E+001   3.402E+007   7.142E+003   6.000E+003  -1.422E+006   6.997E+003   5.801E+003  -5.343E+005 
 1.700E+001   3.596E+007   7.131E+003   6.000E+003  -1.409E+006   6.985E+003   5.789E+003  -5.343E+005 
 1.800E+001   3.789E+007   7.120E+003   6.000E+003  -1.396E+006   6.972E+003   5.777E+003  -5.343E+005 
 1.900E+001   3.981E+007   7.110E+003   6.000E+003  -1.384E+006   6.961E+003   5.766E+003  -5.343E+005 
 2.000E+001   4.171E+007   7.100E+003   6.000E+003  -1.372E+006   6.949E+003   5.755E+003  -5.343E+005 
 2.100E+001   4.361E+007   7.091E+003   6.000E+003  -1.360E+006   6.938E+003   5.744E+003  -5.343E+005 
 2.200E+001   4.549E+007   7.081E+003   6.000E+003  -1.349E+006   6.927E+003   5.733E+003  -5.343E+005 
 2.300E+001   4.736E+007   7.072E+003   6.000E+003  -1.338E+006   6.916E+003   5.723E+003  -5.343E+005 
 2.400E+001   4.923E+007   7.063E+003   6.000E+003  -1.327E+006   6.905E+003   5.712E+003  -5.343E+005 
 2.500E+001   5.108E+007   7.055E+003   6.000E+003  -1.317E+006   6.894E+003   5.702E+003  -5.343E+005 
 2.600E+001   5.292E+007   7.046E+003   6.000E+003  -1.307E+006   6.884E+003   5.692E+003  -5.343E+005 
 2.700E+001   5.475E+007   7.038E+003   6.000E+003  -1.296E+006   6.873E+003   5.682E+003  -5.343E+005 
 2.800E+001   5.657E+007   7.030E+003   6.000E+003  -1.287E+006   6.863E+003   5.672E+003  -5.343E+005 
 2.900E+001   5.838E+007   7.022E+003   6.000E+003  -1.277E+006   6.853E+003   5.662E+003  -5.343E+005 
 3.000E+001   6.018E+007   7.014E+003   6.000E+003  -1.267E+006   6.843E+003   5.652E+003  -5.343E+005 
 3.100E+001   6.197E+007   7.006E+003   6.000E+003  -1.258E+006   6.833E+003   5.643E+003  -5.343E+005 
 3.200E+001   6.376E+007   6.998E+003   6.000E+003  -1.249E+006   6.823E+003   5.633E+003  -5.343E+005 
 3.300E+001   6.553E+007   6.991E+003   6.000E+003  -1.240E+006   6.813E+003   5.624E+003  -5.343E+005 
 3.400E+001   6.730E+007   6.984E+003   6.000E+003  -1.231E+006   6.803E+003   5.614E+003  -5.343E+005 
 3.500E+001   6.906E+007   6.977E+003   6.000E+003  -1.223E+006   6.793E+003   5.605E+003  -5.343E+005 
 3.600E+001   7.080E+007   6.970E+003   6.000E+003  -1.214E+006   6.784E+003   5.596E+003  -5.343E+005 
 3.700E+001   7.254E+007   6.963E+003   6.000E+003  -1.206E+006   6.774E+003   5.587E+003  -5.343E+005 
 3.800E+001   7.427E+007   6.956E+003   6.000E+003  -1.197E+006   6.765E+003   5.577E+003  -5.343E+005 
 3.900E+001   7.600E+007   6.949E+003   6.000E+003  -1.189E+006   6.755E+003   5.568E+003  -5.343E+005 
 4.000E+001   7.771E+007   6.942E+003   6.000E+003  -1.181E+006   6.746E+003   5.559E+003  -5.343E+005 
 4.100E+001   7.942E+007   6.936E+003   6.000E+003  -1.173E+006   6.737E+003   5.551E+003  -5.343E+005 
 4.200E+001   8.112E+007   6.929E+003   6.000E+003  -1.165E+006   6.728E+003   5.542E+003  -5.343E+005 
 4.300E+001   8.281E+007   6.922E+003   6.000E+003  -1.157E+006   6.719E+003   5.533E+003  -5.343E+005 
 4.400E+001   8.449E+007   6.916E+003   6.000E+003  -1.149E+006   6.710E+003   5.525E+003  -5.343E+005 
 4.500E+001   8.617E+007   6.910E+003   6.000E+003  -1.141E+006   6.701E+003   5.516E+003  -5.343E+005 
 4.600E+001   8.784E+007   6.903E+003   6.000E+003  -1.133E+006   6.692E+003   5.507E+003  -5.343E+005 
 4.700E+001   8.950E+007   6.897E+003   6.000E+003  -1.126E+006   6.683E+003   5.498E+003  -5.343E+005 
 4.800E+001   9.115E+007   6.891E+003   6.000E+003  -1.118E+006   6.674E+003   5.490E+003  -5.343E+005 
 4.900E+001   9.279E+007   6.885E+003   6.000E+003  -1.111E+006   6.665E+003   5.481E+003  -5.343E+005 
 5.000E+001   9.443E+007   6.879E+003   6.000E+003  -1.103E+006   6.656E+003   5.472E+003  -5.343E+005 
 5.100E+001   9.606E+007   6.873E+003   6.000E+003  -1.096E+006   6.647E+003   5.464E+003  -5.343E+005 
 5.200E+001   9.768E+007   6.867E+003   6.000E+003  -1.089E+006   6.638E+003   5.455E+003  -5.343E+005 
 5.300E+001   9.930E+007   6.861E+003   6.000E+003  -1.081E+006   6.629E+003   5.447E+003  -5.343E+005 
 5.400E+001   1.009E+008   6.855E+003   6.000E+003  -1.074E+006   6.620E+003   5.438E+003  -5.343E+005 
 5.500E+001   1.025E+008   6.849E+003   6.000E+003  -1.067E+006   6.611E+003   5.430E+003  -5.343E+005 
 5.600E+001   1.041E+008   6.843E+003   6.000E+003  -1.060E+006   6.602E+003   5.421E+003  -5.343E+005 
 5.700E+001   1.057E+008   6.838E+003   6.000E+003  -1.053E+006   6.594E+003   5.413E+003  -5.343E+005 
 5.800E+001   1.073E+008   6.832E+003   6.000E+003  -1.046E+006   6.585E+003   5.404E+003  -5.343E+005 
 5.900E+001   1.088E+008   6.826E+003   6.000E+003  -1.039E+006   6.576E+003   5.396E+003  -5.343E+005 
 6.000E+001   1.104E+008   6.821E+003   6.000E+003  -1.033E+006   6.568E+003   5.387E+003  -5.343E+005 
 6.100E+001   1.120E+008   6.815E+003   6.000E+003  -1.026E+006   6.559E+003   5.379E+003  -5.343E+005 
 6.200E+001   1.135E+008   6.810E+003   6.000E+003  -1.019E+006   6.550E+003   5.371E+003  -5.343E+005 
 6.300E+001   1.151E+008   6.805E+003   6.000E+003  -1.013E+006   6.542E+003   5.363E+003  -5.343E+005 
 6.400E+001   1.166E+008   6.799E+003   6.000E+003  -1.006E+006   6.533E+003   5.354E+003  -5.343E+005 
 6.500E+001   1.181E+008   6.794E+003   6.000E+003  -9.998E+005   6.525E+003   5.346E+003  -5.343E+005 
 6.600E+001   1.197E+008   6.789E+003   6.000E+003  -9.934E+005   6.516E+003   5.338E+003  -5.343E+005 
 6.700E+001   1.212E+008   6.784E+003   6.000E+003  -9.870E+005   6.508E+003   5.330E+003  -5.343E+005 
 6.800E+001   1.227E+008   6.778E+003   6.000E+003  -9.807E+005   6.499E+003   5.322E+003  -5.343E+005 
 6.900E+001   1.242E+008   6.773E+003   6.000E+003  -9.744E+005   6.491E+003   5.314E+003  -5.343E+005 
 7.000E+001   1.257E+008   6.768E+003   6.000E+003  -9.682E+005   6.483E+003   5.306E+003  -5.343E+005 
 7.100E+001   1.272E+008   6.763E+003   6.000E+003  -9.620E+005   6.475E+003   5.298E+003  -5.343E+005 
 7.200E+001   1.287E+008   6.758E+003   6.000E+003  -9.559E+005   6.467E+003   5.290E+003  -5.343E+005 
 7.300E+001   1.302E+008   6.753E+003   6.000E+003  -9.498E+005   6.459E+003   5.283E+003  -5.343E+005 
 7.400E+001   1.317E+008   6.748E+003   6.000E+003  -9.438E+005   6.450E+003   5.275E+003  -5.343E+005 
 7.500E+001   1.331E+008   6.744E+003   6.000E+003  -9.380E+005   6.442E+003   5.267E+003  -5.343E+005 
 7.600E+001   1.346E+008   6.739E+003   6.000E+003  -9.322E+005   6.434E+003   5.259E+003  -5.343E+005 
 7.700E+001   1.361E+008   6.734E+003   6.000E+003  -9.263E+005   6.426E+003   5.251E+003  -5.343E+005 
 7.800E+001   1.375E+008   6.730E+003   6.000E+003  -9.205E+005   6.418E+003   5.243E+003  -5.343E+005 
 7.900E+001   1.390E+008   6.725E+003   6.000E+003  -9.147E+005   6.410E+003   5.235E+003  -5.343E+005 
 8.000E+001   1.404E+008   6.720E+003   6.000E+003  -9.089E+005   6.402E+003   5.228E+003  -5.343E+005 
 8.100E+001   1.419E+008   6.716E+003   6.000E+003  -9.032E+005   6.393E+003   5.220E+003  -5.343E+005 
 8.200E+001   1.433E+008   6.711E+003   6.000E+003  -8.975E+005   6.385E+003   5.212E+003  -5.343E+005 
 8.300E+001   1.447E+008   6.706E+003   6.000E+003  -8.919E+005   6.377E+003   5.204E+003  -5.343E+005 
 8.400E+001   1.461E+008   6.702E+003   6.000E+003  -8.863E+005   6.369E+003   5.197E+003  -5.343E+005 
 8.500E+001   1.475E+008   6.697E+003   6.000E+003  -8.807E+005   6.361E+003   5.189E+003  -5.343E+005 
 8.600E+001   1.490E+008   6.693E+003   6.000E+003  -8.752E+005   6.353E+003   5.181E+003  -5.343E+005 
 8.700E+001   1.504E+008   6.688E+003   6.000E+003  -8.696E+005   6.345E+003   5.173E+003  -5.343E+005 
 8.800E+001   1.518E+008   6.684E+003   6.000E+003  -8.642E+005   6.337E+003   5.166E+003  -5.343E+005 
 8.900E+001   1.532E+008   6.680E+003   6.000E+003  -8.587E+005   6.329E+003   5.158E+003  -5.343E+005 
 9.000E+001   1.545E+008   6.675E+003   6.000E+003  -8.533E+005   6.322E+003   5.151E+003  -5.343E+005 
 9.100E+001   1.559E+008   6.671E+003   6.000E+003  -8.480E+005   6.314E+003   5.143E+003  -5.343E+005 
 9.200E+001   1.573E+008   6.667E+003   6.000E+003  -8.426E+005   6.306E+003   5.135E+003  -5.343E+005 
 9.300E+001   1.587E+008   6.662E+003   6.000E+003  -8.373E+005   6.298E+003   5.128E+003  -5.343E+005 
 9.400E+001   1.600E+008   6.658E+003   6.000E+003  -8.321E+005   6.290E+003   5.120E+003  -5.343E+005 
 9.500E+001   1.614E+008   6.654E+003   6.000E+003  -8.269E+005   6.283E+003   5.113E+003  -5.343E+005 
 9.600E+001   1.628E+008   6.650E+003   6.000E+003  -8.217E+005   6.275E+003   5.106E+003  -5.343E+005 
 9.700E+001   1.641E+008   6.645E+003   6.000E+003  -8.165E+005   6.267E+003   5.098E+003  -5.343E+005 
 9.800E+001   1.655E+008   6.641E+003   6.000E+003  -8.113E+005   6.259E+003   5.091E+003  -5.343E+005 
 9.900E+001   1.668E+008   6.637E+003   6.000E+003  -8.062E+005   6.252E+003   5.083E+003  -5.343E+005 
 1.000E+002   1.681E+008   6.633E+003   6.000E+003  -8.012E+005   6.244E+003   5.076E+003  -5.343E+005 