   =========================================================================  

                    SINGLE PHASE - SLIGHTLY-COMPRESSIBLE-FLOW                 
       CARTESIAN (variable depth/variable thickness) - FINITE DIFFERENCE      
                              BLOCK CENTERED GRID                             
                              SIMULATOR Ver. 0.0.3                            

                              capico@lenep.uenf.br                            
                           bismarckjunior@outlook.com                         

   =========================================================================  

     Project Name: SPE_A1-2.ini 

  nrow:                [11]
  ncol:                [14]
  initialTime:         [0]
  maxSteps:            [60]
  dt:                  [1]
  cf:                  [9e-006]
  cphi:                [3e-006]
  geometry:            [geometrybc.dat]
  modGeom:             [**UNDEF**]
  modTransmissibility: [**UNDEF**]
  porosity:            [porosity.dat]
  kx:                  [kx.dat]
  ky:                  [ky.dat]
  thickness:           [thickness.dat]
  zTop:                [ztop.dat]
  dx:                  [dx.dat]
  dy:                  [dy.dat]
  rhoSC:               [52.4]
  fproprows:           [15]
  dpprops:             [250]
  props file:          [fluidprop.dat]
  p0:                  [7750]
  z0:                  [9306.5]
  wells file:          [wells.dat]
  output file:         [outsFile.dat]
  boundary file:       [**UNDEF**]

  ----------------------------------------------------------------------------

------------------------------------------------------------------------------------------------------
  Time[Day]    Np [bbl]     P [psi]     Pwf [psi]    Qw[bbl/d]     P [psi]     Pwf [psi]    Qw[bbl/d]   
                           (004,004)    (004,004)    (004,004)    (009,003)    (009,003)    (009,003)   
------------------------------------------------------------------------------------------------------
 0.000E+000   0.000E+000   7.758E+003   5.600E+003  -2.890E+004   7.750E+003   7.614E+003  -6.500E+002 
 1.000E+000   1.995E+004   7.012E+003   5.600E+003  -1.930E+004   7.641E+003   7.505E+003  -6.500E+002 
 2.000E+000   3.671E+004   6.771E+003   5.600E+003  -1.611E+004   7.558E+003   7.423E+003  -6.500E+002 
 3.000E+000   5.137E+004   6.615E+003   5.600E+003  -1.401E+004   7.461E+003   7.326E+003  -6.500E+002 
 4.000E+000   6.440E+004   6.494E+003   5.600E+003  -1.237E+004   7.353E+003   7.218E+003  -6.500E+002 
 5.000E+000   7.606E+004   6.394E+003   5.600E+003  -1.101E+004   7.238E+003   7.104E+003  -6.500E+002 
 6.000E+000   8.658E+004   6.310E+003   5.600E+003  -9.866E+003   7.122E+003   6.988E+003  -6.500E+002 
 7.000E+000   9.611E+004   6.239E+003   5.600E+003  -8.879E+003   7.006E+003   6.873E+003  -6.500E+002 
 8.000E+000   1.048E+005   6.176E+003   5.600E+003  -8.021E+003   6.893E+003   6.760E+003  -6.500E+002 
 9.000E+000   1.127E+005   6.121E+003   5.600E+003  -7.265E+003   6.785E+003   6.652E+003  -6.500E+002 
 1.000E+001   1.199E+005   6.073E+003   5.600E+003  -6.594E+003   6.681E+003   6.549E+003  -6.500E+002 
 1.100E+001   1.266E+005   6.030E+003   5.600E+003  -5.994E+003   6.584E+003   6.452E+003  -6.500E+002 
 1.200E+001   1.327E+005   5.991E+003   5.600E+003  -5.453E+003   6.492E+003   6.360E+003  -6.500E+002 
 1.300E+001   1.383E+005   5.955E+003   5.600E+003  -4.964E+003   6.406E+003   6.274E+003  -6.500E+002 
 1.400E+001   1.435E+005   5.923E+003   5.600E+003  -4.518E+003   6.325E+003   6.194E+003  -6.500E+002 
 1.500E+001   1.482E+005   5.894E+003   5.600E+003  -4.112E+003   6.250E+003   6.119E+003  -6.500E+002 
 1.600E+001   1.526E+005   5.867E+003   5.600E+003  -3.740E+003   6.180E+003   6.050E+003  -6.500E+002 
 1.700E+001   1.567E+005   5.843E+003   5.600E+003  -3.399E+003   6.116E+003   5.985E+003  -6.500E+002 
 1.800E+001   1.604E+005   5.820E+003   5.600E+003  -3.086E+003   6.056E+003   5.925E+003  -6.500E+002 
 1.900E+001   1.639E+005   5.800E+003   5.600E+003  -2.797E+003   6.000E+003   5.870E+003  -6.500E+002 
 2.000E+001   1.670E+005   5.781E+003   5.600E+003  -2.532E+003   5.949E+003   5.818E+003  -6.500E+002 
 2.100E+001   1.700E+005   5.763E+003   5.600E+003  -2.287E+003   5.901E+003   5.771E+003  -6.500E+002 
 2.200E+001   1.727E+005   5.747E+003   5.600E+003  -2.062E+003   5.857E+003   5.727E+003  -6.500E+002 
 2.300E+001   1.752E+005   5.732E+003   5.600E+003  -1.854E+003   5.816E+003   5.686E+003  -6.500E+002 
 2.400E+001   1.775E+005   5.718E+003   5.600E+003  -1.662E+003   5.779E+003   5.649E+003  -6.500E+002 
 2.500E+001   1.796E+005   5.706E+003   5.600E+003  -1.484E+003   5.744E+003   5.614E+003  -6.500E+002 
 2.600E+001   1.816E+005   5.694E+003   5.600E+003  -1.321E+003   5.712E+003   5.582E+003  -6.500E+002 
 2.700E+001   1.834E+005   5.683E+003   5.600E+003  -1.170E+003   5.682E+003   5.552E+003  -6.500E+002 
 2.800E+001   1.851E+005   5.673E+003   5.600E+003  -1.030E+003   5.655E+003   5.525E+003  -6.500E+002 
 2.900E+001   1.867E+005   5.664E+003   5.600E+003  -9.011E+002   5.629E+003   5.500E+003  -6.500E+002 
 3.000E+001   1.881E+005   5.656E+003   5.600E+003  -7.821E+002   5.606E+003   5.476E+003  -6.500E+002 
 3.100E+001   1.894E+005   5.648E+003   5.600E+003  -6.722E+002   5.584E+003   5.455E+003  -6.500E+002 
 3.200E+001   1.906E+005   5.641E+003   5.600E+003  -5.707E+002   5.564E+003   5.435E+003  -6.500E+002 
 3.300E+001   1.918E+005   5.634E+003   5.600E+003  -4.770E+002   5.546E+003   5.417E+003  -6.500E+002 
 3.400E+001   1.928E+005   5.628E+003   5.600E+003  -3.905E+002   5.529E+003   5.400E+003  -6.500E+002 
 3.500E+001   1.938E+005   5.622E+003   5.600E+003  -3.106E+002   5.513E+003   5.384E+003  -6.500E+002 
 3.600E+001   1.946E+005   5.617E+003   5.600E+003  -2.368E+002   5.499E+003   5.370E+003  -6.500E+002 
 3.700E+001   1.955E+005   5.612E+003   5.600E+003  -1.686E+002   5.485E+003   5.356E+003  -6.500E+002 
 3.800E+001   1.962E+005   5.608E+003   5.600E+003  -1.057E+002   5.473E+003   5.344E+003  -6.500E+002 
 3.900E+001   1.969E+005   5.603E+003   5.600E+003  -4.761E+001   5.462E+003   5.333E+003  -6.500E+002 
 4.000E+001   1.976E+005   5.600E+003   5.600E+003   6.028E+000   5.451E+003   5.322E+003  -6.500E+002 
 4.100E+001   1.982E+005   5.596E+003   5.600E+003   5.555E+001   5.441E+003   5.312E+003  -6.500E+002 
 4.200E+001   1.989E+005   5.593E+003   5.600E+003   1.013E+002   5.432E+003   5.303E+003  -6.500E+002 
 4.300E+001   1.995E+005   5.590E+003   5.600E+003   1.435E+002   5.424E+003   5.295E+003  -6.500E+002 
 4.400E+001   2.002E+005   5.587E+003   5.600E+003   1.825E+002   5.417E+003   5.287E+003  -6.500E+002 
 4.500E+001   2.008E+005   5.584E+003   5.600E+003   2.184E+002   5.409E+003   5.280E+003  -6.500E+002 
 4.600E+001   2.015E+005   5.582E+003   5.600E+003   2.516E+002   5.403E+003   5.274E+003  -6.500E+002 
 4.700E+001   2.021E+005   5.580E+003   5.600E+003   2.823E+002   5.397E+003   5.268E+003  -6.500E+002 
 4.800E+001   2.028E+005   5.578E+003   5.600E+003   3.106E+002   5.391E+003   5.262E+003  -6.500E+002 
 4.900E+001   2.034E+005   5.576E+003   5.600E+003   3.367E+002   5.386E+003   5.257E+003  -6.500E+002 
 5.000E+001   2.041E+005   5.574E+003   5.600E+003   3.608E+002   5.382E+003   5.252E+003  -6.500E+002 
 5.100E+001   2.047E+005   5.573E+003   5.600E+003   3.831E+002   5.377E+003   5.248E+003  -6.500E+002 
 5.200E+001   2.054E+005   5.571E+003   5.600E+003   4.036E+002   5.373E+003   5.244E+003  -6.500E+002 
 5.300E+001   2.060E+005   5.570E+003   5.600E+003   4.226E+002   5.369E+003   5.240E+003  -6.500E+002 
 5.400E+001   2.067E+005   5.569E+003   5.600E+003   4.401E+002   5.366E+003   5.237E+003  -6.500E+002 
 5.500E+001   2.073E+005   5.568E+003   5.600E+003   4.563E+002   5.363E+003   5.234E+003  -6.500E+002 
 5.600E+001   2.080E+005   5.567E+003   5.600E+003   4.712E+002   5.360E+003   5.231E+003  -6.500E+002 
 5.700E+001   2.086E+005   5.566E+003   5.600E+003   4.849E+002   5.357E+003   5.228E+003  -6.500E+002 
 5.800E+001   2.093E+005   5.565E+003   5.600E+003   4.977E+002   5.355E+003   5.226E+003  -6.500E+002 
 5.900E+001   2.099E+005   5.564E+003   5.600E+003   5.094E+002   5.352E+003   5.223E+003  -6.500E+002 
 6.000E+001   2.106E+005   5.563E+003   5.600E+003   5.202E+002   5.350E+003   5.221E+003  -6.500E+002 