   =========================================================================  

                    SINGLE PHASE - SLIGHTLY-COMPRESSIBLE-FLOW                 
       CARTESIAN (variable depth/variable thickness) - FINITE DIFFERENCE      
                              BLOCK CENTERED GRID                             
                              SIMULATOR Ver. 0.0.3                            

                              capico@lenep.uenf.br                            
                           bismarckjunior@outlook.com                         

   =========================================================================  

     Project Name: dirichlet.ini 

  nrow:                [50]
  ncol:                [50]
  initialTime:         [0]
  maxSteps:            [100]
  dt:                  [0.01]
  cf:                  [9e-006]
  cphi:                [3e-006]
  geometry:            [full]
  modGeom:             [**UNDEF**]
  modTransmissibility: [**UNDEF**]
  porosity:            [0.3]
  kx:                  [100]
  ky:                  [100]
  thickness:           [10]
  zTop:                [5.0]
  dx:                  [50]
  dy:                  [50]
  rhoSC:               [52.4]
  fproprows:           [15]
  dpprops:             [250]
  props file:          [fluidprop_.dat]
  p0:                  [14.7]
  z0:                  [10]
  wells file:          [**UNDEF**]
  output file:         [dirichletOut.dat]
  boundary file:       [dirichletBc.dat]

  ----------------------------------------------------------------------------

---------------------------------------------------------------------------------------------------------------------------------------------
  Time[Day]    P [psi]      P [psi]      P [psi]      P [psi]      P [psi]      P [psi]      P [psi]      P [psi]      P [psi]      P [psi]    
              (000,000)    (005,005)    (010,010)    (015,015)    (020,020)    (025,025)    (030,030)    (007,007)    (040,040)    (045,045)   
---------------------------------------------------------------------------------------------------------------------------------------------
 0.000E+000   6.503E+003   6.824E+003   7.390E+003   7.654E+003   7.272E+003   6.406E+003   5.600E+003   7.051E+003   5.716E+003   6.276E+003 
 1.000E-002   6.503E+003   6.817E+003   7.373E+003   7.631E+003   7.256E+003   6.407E+003   5.619E+003   7.040E+003   5.732E+003   6.280E+003 
 2.000E-002   6.503E+003   6.811E+003   7.355E+003   7.608E+003   7.240E+003   6.408E+003   5.636E+003   7.029E+003   5.748E+003   6.285E+003 
 3.000E-002   6.503E+003   6.804E+003   7.338E+003   7.586E+003   7.225E+003   6.410E+003   5.654E+003   7.018E+003   5.763E+003   6.289E+003 
 4.000E-002   6.503E+003   6.798E+003   7.321E+003   7.565E+003   7.210E+003   6.411E+003   5.671E+003   7.008E+003   5.778E+003   6.293E+003 
 5.000E-002   6.503E+003   6.792E+003   7.305E+003   7.544E+003   7.196E+003   6.412E+003   5.687E+003   6.997E+003   5.792E+003   6.297E+003 
 6.000E-002   6.503E+003   6.786E+003   7.289E+003   7.523E+003   7.182E+003   6.414E+003   5.704E+003   6.987E+003   5.807E+003   6.301E+003 
 7.000E-002   6.503E+003   6.780E+003   7.273E+003   7.502E+003   7.168E+003   6.415E+003   5.720E+003   6.977E+003   5.821E+003   6.305E+003 
 8.000E-002   6.503E+003   6.775E+003   7.258E+003   7.482E+003   7.154E+003   6.417E+003   5.736E+003   6.968E+003   5.835E+003   6.309E+003 
 9.000E-002   6.502E+003   6.769E+003   7.242E+003   7.463E+003   7.141E+003   6.418E+003   5.751E+003   6.958E+003   5.848E+003   6.313E+003 
 1.000E-001   6.502E+003   6.764E+003   7.228E+003   7.444E+003   7.128E+003   6.419E+003   5.766E+003   6.949E+003   5.861E+003   6.317E+003 
 1.100E-001   6.502E+003   6.758E+003   7.213E+003   7.425E+003   7.115E+003   6.421E+003   5.781E+003   6.940E+003   5.874E+003   6.320E+003 
 1.200E-001   6.502E+003   6.753E+003   7.199E+003   7.406E+003   7.103E+003   6.422E+003   5.795E+003   6.931E+003   5.887E+003   6.324E+003 
 1.300E-001   6.502E+003   6.748E+003   7.185E+003   7.388E+003   7.091E+003   6.424E+003   5.810E+003   6.923E+003   5.899E+003   6.328E+003 
 1.400E-001   6.502E+003   6.743E+003   7.171E+003   7.370E+003   7.079E+003   6.425E+003   5.824E+003   6.914E+003   5.911E+003   6.331E+003 
 1.500E-001   6.502E+003   6.738E+003   7.157E+003   7.353E+003   7.067E+003   6.426E+003   5.837E+003   6.906E+003   5.923E+003   6.335E+003 
 1.600E-001   6.502E+003   6.733E+003   7.144E+003   7.336E+003   7.056E+003   6.428E+003   5.851E+003   6.898E+003   5.935E+003   6.338E+003 
 1.700E-001   6.502E+003   6.729E+003   7.131E+003   7.319E+003   7.044E+003   6.429E+003   5.864E+003   6.890E+003   5.947E+003   6.341E+003 
 1.800E-001   6.502E+003   6.724E+003   7.119E+003   7.303E+003   7.033E+003   6.430E+003   5.877E+003   6.882E+003   5.958E+003   6.344E+003 
 1.900E-001   6.502E+003   6.719E+003   7.106E+003   7.287E+003   7.023E+003   6.432E+003   5.889E+003   6.874E+003   5.969E+003   6.348E+003 
 2.000E-001   6.502E+003   6.715E+003   7.094E+003   7.271E+003   7.012E+003   6.433E+003   5.901E+003   6.866E+003   5.979E+003   6.351E+003 
 2.100E-001   6.502E+003   6.711E+003   7.082E+003   7.255E+003   7.002E+003   6.434E+003   5.914E+003   6.859E+003   5.990E+003   6.354E+003 
 2.200E-001   6.502E+003   6.706E+003   7.070E+003   7.240E+003   6.992E+003   6.436E+003   5.925E+003   6.852E+003   6.000E+003   6.357E+003 
 2.300E-001   6.502E+003   6.702E+003   7.059E+003   7.225E+003   6.982E+003   6.437E+003   5.937E+003   6.845E+003   6.010E+003   6.359E+003 
 2.400E-001   6.502E+003   6.698E+003   7.048E+003   7.211E+003   6.972E+003   6.438E+003   5.948E+003   6.838E+003   6.020E+003   6.362E+003 
 2.500E-001   6.502E+003   6.694E+003   7.037E+003   7.196E+003   6.963E+003   6.440E+003   5.960E+003   6.831E+003   6.030E+003   6.365E+003 
 2.600E-001   6.502E+003   6.690E+003   7.026E+003   7.182E+003   6.953E+003   6.441E+003   5.970E+003   6.824E+003   6.040E+003   6.368E+003 
 2.700E-001   6.502E+003   6.687E+003   7.015E+003   7.169E+003   6.944E+003   6.442E+003   5.981E+003   6.818E+003   6.049E+003   6.371E+003 
 2.800E-001   6.502E+003   6.683E+003   7.005E+003   7.155E+003   6.935E+003   6.443E+003   5.992E+003   6.812E+003   6.058E+003   6.373E+003 
 2.900E-001   6.502E+003   6.679E+003   6.995E+003   7.142E+003   6.927E+003   6.444E+003   6.002E+003   6.805E+003   6.067E+003   6.376E+003 
 3.000E-001   6.502E+003   6.676E+003   6.985E+003   7.129E+003   6.918E+003   6.446E+003   6.012E+003   6.799E+003   6.076E+003   6.378E+003 
 3.100E-001   6.502E+003   6.672E+003   6.975E+003   7.116E+003   6.910E+003   6.447E+003   6.022E+003   6.793E+003   6.084E+003   6.381E+003 
 3.200E-001   6.502E+003   6.669E+003   6.966E+003   7.104E+003   6.901E+003   6.448E+003   6.032E+003   6.787E+003   6.093E+003   6.383E+003 
 3.300E-001   6.502E+003   6.665E+003   6.956E+003   7.092E+003   6.893E+003   6.449E+003   6.041E+003   6.781E+003   6.101E+003   6.386E+003 
 3.400E-001   6.501E+003   6.662E+003   6.947E+003   7.080E+003   6.885E+003   6.450E+003   6.050E+003   6.776E+003   6.109E+003   6.388E+003 
 3.500E-001   6.501E+003   6.659E+003   6.938E+003   7.068E+003   6.878E+003   6.451E+003   6.059E+003   6.770E+003   6.117E+003   6.390E+003 
 3.600E-001   6.501E+003   6.655E+003   6.929E+003   7.057E+003   6.870E+003   6.452E+003   6.068E+003   6.765E+003   6.125E+003   6.392E+003 
 3.700E-001   6.501E+003   6.652E+003   6.921E+003   7.046E+003   6.863E+003   6.453E+003   6.077E+003   6.760E+003   6.132E+003   6.395E+003 
 3.800E-001   6.501E+003   6.649E+003   6.912E+003   7.035E+003   6.855E+003   6.454E+003   6.086E+003   6.754E+003   6.140E+003   6.397E+003 
 3.900E-001   6.501E+003   6.646E+003   6.904E+003   7.024E+003   6.848E+003   6.455E+003   6.094E+003   6.749E+003   6.147E+003   6.399E+003 
 4.000E-001   6.501E+003   6.643E+003   6.896E+003   7.013E+003   6.841E+003   6.456E+003   6.102E+003   6.744E+003   6.154E+003   6.401E+003 
 4.100E-001   6.501E+003   6.640E+003   6.888E+003   7.003E+003   6.834E+003   6.457E+003   6.110E+003   6.739E+003   6.161E+003   6.403E+003 
 4.200E-001   6.501E+003   6.638E+003   6.880E+003   6.993E+003   6.828E+003   6.458E+003   6.118E+003   6.734E+003   6.168E+003   6.405E+003 
 4.300E-001   6.501E+003   6.635E+003   6.872E+003   6.983E+003   6.821E+003   6.459E+003   6.126E+003   6.730E+003   6.175E+003   6.407E+003 
 4.400E-001   6.501E+003   6.632E+003   6.865E+003   6.973E+003   6.815E+003   6.460E+003   6.134E+003   6.725E+003   6.181E+003   6.409E+003 
 4.500E-001   6.501E+003   6.630E+003   6.857E+003   6.964E+003   6.808E+003   6.461E+003   6.141E+003   6.721E+003   6.188E+003   6.410E+003 
 4.600E-001   6.501E+003   6.627E+003   6.850E+003   6.954E+003   6.802E+003   6.461E+003   6.148E+003   6.716E+003   6.194E+003   6.412E+003 
 4.700E-001   6.501E+003   6.624E+003   6.843E+003   6.945E+003   6.796E+003   6.462E+003   6.155E+003   6.712E+003   6.200E+003   6.414E+003 
 4.800E-001   6.501E+003   6.622E+003   6.836E+003   6.936E+003   6.790E+003   6.463E+003   6.162E+003   6.708E+003   6.206E+003   6.416E+003 
 4.900E-001   6.501E+003   6.619E+003   6.830E+003   6.927E+003   6.784E+003   6.464E+003   6.169E+003   6.703E+003   6.212E+003   6.418E+003 
 5.000E-001   6.501E+003   6.617E+003   6.823E+003   6.919E+003   6.779E+003   6.465E+003   6.176E+003   6.699E+003   6.218E+003   6.419E+003 
 5.100E-001   6.501E+003   6.615E+003   6.816E+003   6.910E+003   6.773E+003   6.465E+003   6.182E+003   6.695E+003   6.224E+003   6.421E+003 
 5.200E-001   6.501E+003   6.612E+003   6.810E+003   6.902E+003   6.768E+003   6.466E+003   6.189E+003   6.691E+003   6.229E+003   6.422E+003 
 5.300E-001   6.501E+003   6.610E+003   6.804E+003   6.894E+003   6.762E+003   6.467E+003   6.195E+003   6.688E+003   6.235E+003   6.424E+003 
 5.400E-001   6.501E+003   6.608E+003   6.798E+003   6.886E+003   6.757E+003   6.468E+003   6.201E+003   6.684E+003   6.240E+003   6.426E+003 
 5.500E-001   6.501E+003   6.606E+003   6.792E+003   6.878E+003   6.752E+003   6.468E+003   6.207E+003   6.680E+003   6.246E+003   6.427E+003 
 5.600E-001   6.501E+003   6.604E+003   6.786E+003   6.871E+003   6.747E+003   6.469E+003   6.213E+003   6.676E+003   6.251E+003   6.429E+003 
 5.700E-001   6.501E+003   6.602E+003   6.780E+003   6.863E+003   6.742E+003   6.470E+003   6.219E+003   6.673E+003   6.256E+003   6.430E+003 
 5.800E-001   6.501E+003   6.599E+003   6.774E+003   6.856E+003   6.737E+003   6.470E+003   6.225E+003   6.669E+003   6.261E+003   6.431E+003 
 5.900E-001   6.501E+003   6.597E+003   6.769E+003   6.849E+003   6.732E+003   6.471E+003   6.230E+003   6.666E+003   6.266E+003   6.433E+003 
 6.000E-001   6.501E+003   6.596E+003   6.764E+003   6.842E+003   6.728E+003   6.472E+003   6.236E+003   6.663E+003   6.270E+003   6.434E+003 
 6.100E-001   6.501E+003   6.594E+003   6.758E+003   6.835E+003   6.723E+003   6.472E+003   6.241E+003   6.659E+003   6.275E+003   6.435E+003 
 6.200E-001   6.501E+003   6.592E+003   6.753E+003   6.828E+003   6.719E+003   6.473E+003   6.247E+003   6.656E+003   6.279E+003   6.437E+003 
 6.300E-001   6.501E+003   6.590E+003   6.748E+003   6.821E+003   6.714E+003   6.473E+003   6.252E+003   6.653E+003   6.284E+003   6.438E+003 
 6.400E-001   6.501E+003   6.588E+003   6.743E+003   6.815E+003   6.710E+003   6.474E+003   6.257E+003   6.650E+003   6.288E+003   6.439E+003 
 6.500E-001   6.501E+003   6.586E+003   6.738E+003   6.809E+003   6.706E+003   6.475E+003   6.262E+003   6.647E+003   6.293E+003   6.441E+003 
 6.600E-001   6.501E+003   6.585E+003   6.733E+003   6.802E+003   6.702E+003   6.475E+003   6.266E+003   6.644E+003   6.297E+003   6.442E+003 
 6.700E-001   6.501E+003   6.583E+003   6.729E+003   6.796E+003   6.698E+003   6.476E+003   6.271E+003   6.641E+003   6.301E+003   6.443E+003 
 6.800E-001   6.501E+003   6.581E+003   6.724E+003   6.790E+003   6.694E+003   6.476E+003   6.276E+003   6.638E+003   6.305E+003   6.444E+003 
 6.900E-001   6.501E+003   6.580E+003   6.719E+003   6.784E+003   6.690E+003   6.477E+003   6.280E+003   6.636E+003   6.309E+003   6.445E+003 
 7.000E-001   6.501E+003   6.578E+003   6.715E+003   6.779E+003   6.686E+003   6.477E+003   6.285E+003   6.633E+003   6.313E+003   6.446E+003 
 7.100E-001   6.501E+003   6.576E+003   6.711E+003   6.773E+003   6.682E+003   6.478E+003   6.289E+003   6.630E+003   6.317E+003   6.447E+003 
 7.200E-001   6.501E+003   6.575E+003   6.706E+003   6.768E+003   6.679E+003   6.478E+003   6.294E+003   6.628E+003   6.320E+003   6.448E+003 
 7.300E-001   6.501E+003   6.573E+003   6.702E+003   6.762E+003   6.675E+003   6.479E+003   6.298E+003   6.625E+003   6.324E+003   6.450E+003 
 7.400E-001   6.501E+003   6.572E+003   6.698E+003   6.757E+003   6.672E+003   6.479E+003   6.302E+003   6.622E+003   6.327E+003   6.451E+003 
 7.500E-001   6.501E+003   6.570E+003   6.694E+003   6.752E+003   6.668E+003   6.480E+003   6.306E+003   6.620E+003   6.331E+003   6.452E+003 
 7.600E-001   6.501E+003   6.569E+003   6.690E+003   6.747E+003   6.665E+003   6.480E+003   6.310E+003   6.618E+003   6.334E+003   6.453E+003 
 7.700E-001   6.501E+003   6.568E+003   6.686E+003   6.742E+003   6.661E+003   6.481E+003   6.314E+003   6.615E+003   6.338E+003   6.453E+003 
 7.800E-001   6.501E+003   6.566E+003   6.683E+003   6.737E+003   6.658E+003   6.481E+003   6.317E+003   6.613E+003   6.341E+003   6.454E+003 
 7.900E-001   6.501E+003   6.565E+003   6.679E+003   6.732E+003   6.655E+003   6.481E+003   6.321E+003   6.611E+003   6.344E+003   6.455E+003 
 8.000E-001   6.501E+003   6.564E+003   6.675E+003   6.727E+003   6.652E+003   6.482E+003   6.325E+003   6.608E+003   6.347E+003   6.456E+003 
 8.100E-001   6.501E+003   6.562E+003   6.672E+003   6.723E+003   6.649E+003   6.482E+003   6.328E+003   6.606E+003   6.350E+003   6.457E+003 
 8.200E-001   6.501E+003   6.561E+003   6.668E+003   6.718E+003   6.646E+003   6.483E+003   6.332E+003   6.604E+003   6.353E+003   6.458E+003 
 8.300E-001   6.501E+003   6.560E+003   6.665E+003   6.714E+003   6.643E+003   6.483E+003   6.335E+003   6.602E+003   6.356E+003   6.459E+003 
 8.400E-001   6.501E+003   6.559E+003   6.662E+003   6.710E+003   6.640E+003   6.483E+003   6.339E+003   6.600E+003   6.359E+003   6.460E+003 
 8.500E-001   6.501E+003   6.558E+003   6.658E+003   6.705E+003   6.637E+003   6.484E+003   6.342E+003   6.598E+003   6.362E+003   6.461E+003 
 8.600E-001   6.501E+003   6.556E+003   6.655E+003   6.701E+003   6.635E+003   6.484E+003   6.345E+003   6.596E+003   6.365E+003   6.461E+003 
 8.700E-001   6.501E+003   6.555E+003   6.652E+003   6.697E+003   6.632E+003   6.485E+003   6.348E+003   6.594E+003   6.368E+003   6.462E+003 
 8.800E-001   6.500E+003   6.554E+003   6.649E+003   6.693E+003   6.629E+003   6.485E+003   6.351E+003   6.592E+003   6.370E+003   6.463E+003 
 8.900E-001   6.500E+003   6.553E+003   6.646E+003   6.689E+003   6.627E+003   6.485E+003   6.354E+003   6.590E+003   6.373E+003   6.464E+003 
 9.000E-001   6.500E+003   6.552E+003   6.643E+003   6.686E+003   6.624E+003   6.486E+003   6.357E+003   6.588E+003   6.376E+003   6.464E+003 
 9.100E-001   6.500E+003   6.551E+003   6.640E+003   6.682E+003   6.622E+003   6.486E+003   6.360E+003   6.587E+003   6.378E+003   6.465E+003 
 9.200E-001   6.500E+003   6.550E+003   6.637E+003   6.678E+003   6.619E+003   6.486E+003   6.363E+003   6.585E+003   6.381E+003   6.466E+003 
 9.300E-001   6.500E+003   6.549E+003   6.635E+003   6.675E+003   6.617E+003   6.486E+003   6.366E+003   6.583E+003   6.383E+003   6.466E+003 
 9.400E-001   6.500E+003   6.548E+003   6.632E+003   6.671E+003   6.615E+003   6.487E+003   6.369E+003   6.582E+003   6.385E+003   6.467E+003 
 9.500E-001   6.500E+003   6.547E+003   6.629E+003   6.668E+003   6.612E+003   6.487E+003   6.371E+003   6.580E+003   6.388E+003   6.468E+003 
 9.600E-001   6.500E+003   6.546E+003   6.627E+003   6.664E+003   6.610E+003   6.487E+003   6.374E+003   6.578E+003   6.390E+003   6.468E+003 
 9.700E-001   6.500E+003   6.545E+003   6.624E+003   6.661E+003   6.608E+003   6.488E+003   6.376E+003   6.577E+003   6.392E+003   6.469E+003 
 9.800E-001   6.500E+003   6.544E+003   6.622E+003   6.658E+003   6.606E+003   6.488E+003   6.379E+003   6.575E+003   6.394E+003   6.470E+003 
 9.900E-001   6.500E+003   6.543E+003   6.619E+003   6.655E+003   6.604E+003   6.488E+003   6.381E+003   6.574E+003   6.396E+003   6.470E+003 
 1.000E+000   6.500E+003   6.542E+003   6.617E+003   6.651E+003   6.602E+003   6.488E+003   6.384E+003   6.572E+003   6.399E+003   6.471E+003 