   =========================================================================  

                    SINGLE PHASE - SLIGHTLY-COMPRESSIBLE-FLOW                 
       CARTESIAN (variable depth/variable thickness) - FINITE DIFFERENCE      
                              BLOCK CENTERED GRID                             
                              SIMULATOR Ver. 0.0.3                            

                              capico@lenep.uenf.br                            
                           bismarckjunior@outlook.com                         

   =========================================================================  

     Project Name: dirichlet2.ini 

  nrow:                [50]
  ncol:                [50]
  initialTime:         [0]
  maxSteps:            [150]
  dt:                  [0.02]
  cf:                  [9e-006]
  cphi:                [3e-006]
  geometry:            [full]
  modGeom:             [**UNDEF**]
  modTransmissibility: [**UNDEF**]
  porosity:            [0.3]
  kx:                  [100]
  ky:                  [100]
  thickness:           [10]
  zTop:                [5.0]
  dx:                  [50]
  dy:                  [50]
  rhoSC:               [52.4]
  fproprows:           [15]
  dpprops:             [250]
  props file:          [fluidprop_.dat]
  p0:                  [14.7]
  z0:                  [10]
  wells file:          [**UNDEF**]
  output file:         [dirichletOut.dat]
  boundary file:       [dirichletBc.dat]

  ----------------------------------------------------------------------------

---------------------------------------------------------------------------------------------------------------------------------------------
  Time[Day]    P [psi]      P [psi]      P [psi]      P [psi]      P [psi]      P [psi]      P [psi]      P [psi]      P [psi]      P [psi]    
              (025,012)    (005,005)    (010,010)    (015,015)    (020,020)    (025,025)    (030,030)    (007,007)    (040,040)    (045,045)   
---------------------------------------------------------------------------------------------------------------------------------------------
 0.000E+000   7.999E+003   6.824E+003   7.390E+003   7.654E+003   7.272E+003   6.406E+003   5.600E+003   7.051E+003   5.716E+003   6.276E+003 
 2.000E-002   7.942E+003   6.811E+003   7.356E+003   7.609E+003   7.241E+003   6.408E+003   5.636E+003   7.029E+003   5.747E+003   6.285E+003 
 4.000E-002   7.886E+003   6.798E+003   7.322E+003   7.565E+003   7.211E+003   6.411E+003   5.670E+003   7.008E+003   5.777E+003   6.293E+003 
 6.000E-002   7.833E+003   6.787E+003   7.290E+003   7.524E+003   7.183E+003   6.414E+003   5.703E+003   6.988E+003   5.806E+003   6.301E+003 
 8.000E-002   7.781E+003   6.775E+003   7.259E+003   7.484E+003   7.155E+003   6.417E+003   5.734E+003   6.969E+003   5.833E+003   6.309E+003 
 1.000E-001   7.732E+003   6.764E+003   7.229E+003   7.445E+003   7.129E+003   6.419E+003   5.765E+003   6.950E+003   5.860E+003   6.316E+003 
 1.200E-001   7.684E+003   6.754E+003   7.200E+003   7.408E+003   7.104E+003   6.422E+003   5.794E+003   6.932E+003   5.885E+003   6.324E+003 
 1.400E-001   7.637E+003   6.744E+003   7.173E+003   7.373E+003   7.080E+003   6.425E+003   5.822E+003   6.915E+003   5.910E+003   6.331E+003 
 1.600E-001   7.593E+003   6.734E+003   7.146E+003   7.338E+003   7.057E+003   6.428E+003   5.848E+003   6.899E+003   5.933E+003   6.337E+003 
 1.800E-001   7.550E+003   6.725E+003   7.121E+003   7.305E+003   7.035E+003   6.430E+003   5.874E+003   6.883E+003   5.956E+003   6.344E+003 
 2.000E-001   7.509E+003   6.716E+003   7.096E+003   7.274E+003   7.014E+003   6.433E+003   5.899E+003   6.868E+003   5.977E+003   6.350E+003 
 2.200E-001   7.469E+003   6.707E+003   7.073E+003   7.243E+003   6.994E+003   6.436E+003   5.923E+003   6.853E+003   5.998E+003   6.356E+003 
 2.400E-001   7.431E+003   6.699E+003   7.050E+003   7.214E+003   6.974E+003   6.438E+003   5.946E+003   6.840E+003   6.018E+003   6.362E+003 
 2.600E-001   7.395E+003   6.691E+003   7.029E+003   7.186E+003   6.956E+003   6.441E+003   5.968E+003   6.826E+003   6.037E+003   6.367E+003 
 2.800E-001   7.359E+003   6.684E+003   7.008E+003   7.159E+003   6.938E+003   6.443E+003   5.989E+003   6.813E+003   6.056E+003   6.372E+003 
 3.000E-001   7.325E+003   6.677E+003   6.988E+003   7.133E+003   6.921E+003   6.445E+003   6.009E+003   6.801E+003   6.073E+003   6.377E+003 
 3.200E-001   7.293E+003   6.670E+003   6.969E+003   7.108E+003   6.904E+003   6.447E+003   6.029E+003   6.789E+003   6.090E+003   6.382E+003 
 3.400E-001   7.262E+003   6.663E+003   6.950E+003   7.084E+003   6.888E+003   6.450E+003   6.047E+003   6.778E+003   6.106E+003   6.387E+003 
 3.600E-001   7.232E+003   6.657E+003   6.932E+003   7.061E+003   6.873E+003   6.452E+003   6.065E+003   6.767E+003   6.122E+003   6.392E+003 
 3.800E-001   7.203E+003   6.650E+003   6.915E+003   7.039E+003   6.858E+003   6.454E+003   6.082E+003   6.756E+003   6.137E+003   6.396E+003 
 4.000E-001   7.175E+003   6.644E+003   6.899E+003   7.017E+003   6.844E+003   6.456E+003   6.099E+003   6.746E+003   6.151E+003   6.400E+003 
 4.200E-001   7.148E+003   6.639E+003   6.883E+003   6.997E+003   6.831E+003   6.458E+003   6.115E+003   6.736E+003   6.165E+003   6.404E+003 
 4.400E-001   7.123E+003   6.633E+003   6.868E+003   6.977E+003   6.818E+003   6.459E+003   6.130E+003   6.727E+003   6.179E+003   6.408E+003 
 4.600E-001   7.098E+003   6.628E+003   6.854E+003   6.959E+003   6.805E+003   6.461E+003   6.145E+003   6.718E+003   6.191E+003   6.411E+003 
 4.800E-001   7.074E+003   6.623E+003   6.840E+003   6.940E+003   6.793E+003   6.463E+003   6.159E+003   6.710E+003   6.204E+003   6.415E+003 
 5.000E-001   7.052E+003   6.618E+003   6.826E+003   6.923E+003   6.782E+003   6.464E+003   6.173E+003   6.701E+003   6.215E+003   6.418E+003 
 5.200E-001   7.030E+003   6.614E+003   6.813E+003   6.906E+003   6.771E+003   6.466E+003   6.186E+003   6.693E+003   6.227E+003   6.422E+003 
 5.400E-001   7.009E+003   6.609E+003   6.801E+003   6.890E+003   6.760E+003   6.467E+003   6.198E+003   6.686E+003   6.237E+003   6.425E+003 
 5.600E-001   6.989E+003   6.605E+003   6.789E+003   6.875E+003   6.750E+003   6.469E+003   6.210E+003   6.678E+003   6.248E+003   6.428E+003 
 5.800E-001   6.970E+003   6.601E+003   6.778E+003   6.860E+003   6.740E+003   6.470E+003   6.222E+003   6.671E+003   6.258E+003   6.431E+003 
 6.000E-001   6.951E+003   6.597E+003   6.767E+003   6.846E+003   6.730E+003   6.471E+003   6.233E+003   6.665E+003   6.267E+003   6.433E+003 
 6.200E-001   6.933E+003   6.593E+003   6.756E+003   6.832E+003   6.721E+003   6.472E+003   6.243E+003   6.658E+003   6.277E+003   6.436E+003 
 6.400E-001   6.916E+003   6.589E+003   6.746E+003   6.819E+003   6.713E+003   6.474E+003   6.253E+003   6.652E+003   6.285E+003   6.439E+003 
 6.600E-001   6.900E+003   6.586E+003   6.736E+003   6.806E+003   6.704E+003   6.475E+003   6.263E+003   6.646E+003   6.294E+003   6.441E+003 
 6.800E-001   6.884E+003   6.582E+003   6.727E+003   6.794E+003   6.696E+003   6.476E+003   6.273E+003   6.640E+003   6.302E+003   6.443E+003 
 7.000E-001   6.869E+003   6.579E+003   6.718E+003   6.783E+003   6.689E+003   6.477E+003   6.282E+003   6.635E+003   6.310E+003   6.446E+003 
 7.200E-001   6.854E+003   6.576E+003   6.709E+003   6.772E+003   6.681E+003   6.478E+003   6.290E+003   6.629E+003   6.318E+003   6.448E+003 
 7.400E-001   6.840E+003   6.573E+003   6.701E+003   6.761E+003   6.674E+003   6.479E+003   6.299E+003   6.624E+003   6.325E+003   6.450E+003 
 7.600E-001   6.827E+003   6.570E+003   6.693E+003   6.751E+003   6.667E+003   6.480E+003   6.307E+003   6.619E+003   6.332E+003   6.452E+003 
 7.800E-001   6.814E+003   6.567E+003   6.686E+003   6.741E+003   6.661E+003   6.481E+003   6.314E+003   6.615E+003   6.338E+003   6.454E+003 
 8.000E-001   6.801E+003   6.565E+003   6.678E+003   6.731E+003   6.654E+003   6.482E+003   6.322E+003   6.610E+003   6.345E+003   6.456E+003 
 8.200E-001   6.789E+003   6.562E+003   6.671E+003   6.722E+003   6.648E+003   6.482E+003   6.329E+003   6.606E+003   6.351E+003   6.457E+003 
 8.400E-001   6.778E+003   6.560E+003   6.664E+003   6.713E+003   6.643E+003   6.483E+003   6.336E+003   6.602E+003   6.357E+003   6.459E+003 
 8.600E-001   6.767E+003   6.557E+003   6.658E+003   6.705E+003   6.637E+003   6.484E+003   6.342E+003   6.598E+003   6.363E+003   6.461E+003 
 8.800E-001   6.756E+003   6.555E+003   6.652E+003   6.697E+003   6.632E+003   6.485E+003   6.349E+003   6.594E+003   6.368E+003   6.462E+003 
 9.000E-001   6.746E+003   6.553E+003   6.646E+003   6.689E+003   6.626E+003   6.485E+003   6.355E+003   6.590E+003   6.373E+003   6.464E+003 
 9.200E-001   6.736E+003   6.551E+003   6.640E+003   6.682E+003   6.622E+003   6.486E+003   6.360E+003   6.587E+003   6.378E+003   6.465E+003 
 9.400E-001   6.727E+003   6.549E+003   6.634E+003   6.674E+003   6.617E+003   6.486E+003   6.366E+003   6.583E+003   6.383E+003   6.467E+003 
 9.600E-001   6.718E+003   6.547E+003   6.629E+003   6.667E+003   6.612E+003   6.487E+003   6.371E+003   6.580E+003   6.388E+003   6.468E+003 
 9.800E-001   6.709E+003   6.545E+003   6.624E+003   6.661E+003   6.608E+003   6.488E+003   6.376E+003   6.577E+003   6.392E+003   6.469E+003 
 1.000E+000   6.701E+003   6.543E+003   6.619E+003   6.655E+003   6.604E+003   6.488E+003   6.381E+003   6.574E+003   6.396E+003   6.470E+003 
 1.020E+000   6.693E+003   6.542E+003   6.614E+003   6.648E+003   6.600E+003   6.489E+003   6.386E+003   6.571E+003   6.401E+003   6.472E+003 
 1.040E+000   6.686E+003   6.540E+003   6.610E+003   6.643E+003   6.596E+003   6.489E+003   6.391E+003   6.568E+003   6.404E+003   6.473E+003 
 1.060E+000   6.678E+003   6.538E+003   6.606E+003   6.637E+003   6.592E+003   6.490E+003   6.395E+003   6.565E+003   6.408E+003   6.474E+003 
 1.080E+000   6.671E+003   6.537E+003   6.601E+003   6.632E+003   6.588E+003   6.490E+003   6.399E+003   6.563E+003   6.412E+003   6.475E+003 
 1.100E+000   6.664E+003   6.535E+003   6.597E+003   6.626E+003   6.585E+003   6.491E+003   6.403E+003   6.560E+003   6.415E+003   6.476E+003 
 1.120E+000   6.658E+003   6.534E+003   6.594E+003   6.621E+003   6.581E+003   6.491E+003   6.407E+003   6.558E+003   6.419E+003   6.477E+003 
 1.140E+000   6.652E+003   6.533E+003   6.590E+003   6.617E+003   6.578E+003   6.491E+003   6.411E+003   6.556E+003   6.422E+003   6.478E+003 
 1.160E+000   6.646E+003   6.531E+003   6.586E+003   6.612E+003   6.575E+003   6.492E+003   6.414E+003   6.553E+003   6.425E+003   6.479E+003 
 1.180E+000   6.640E+003   6.530E+003   6.583E+003   6.608E+003   6.572E+003   6.492E+003   6.418E+003   6.551E+003   6.428E+003   6.479E+003 
 1.200E+000   6.634E+003   6.529E+003   6.580E+003   6.603E+003   6.569E+003   6.493E+003   6.421E+003   6.549E+003   6.431E+003   6.480E+003 
 1.220E+000   6.629E+003   6.528E+003   6.577E+003   6.599E+003   6.567E+003   6.493E+003   6.424E+003   6.547E+003   6.434E+003   6.481E+003 
 1.240E+000   6.624E+003   6.527E+003   6.573E+003   6.595E+003   6.564E+003   6.493E+003   6.427E+003   6.545E+003   6.436E+003   6.482E+003 
 1.260E+000   6.619E+003   6.526E+003   6.571E+003   6.592E+003   6.562E+003   6.493E+003   6.430E+003   6.544E+003   6.439E+003   6.482E+003 
 1.280E+000   6.614E+003   6.525E+003   6.568E+003   6.588E+003   6.559E+003   6.494E+003   6.433E+003   6.542E+003   6.441E+003   6.483E+003 
 1.300E+000   6.610E+003   6.524E+003   6.565E+003   6.585E+003   6.557E+003   6.494E+003   6.436E+003   6.540E+003   6.444E+003   6.484E+003 
 1.320E+000   6.606E+003   6.523E+003   6.563E+003   6.581E+003   6.555E+003   6.494E+003   6.438E+003   6.539E+003   6.446E+003   6.484E+003 
 1.340E+000   6.601E+003   6.522E+003   6.560E+003   6.578E+003   6.553E+003   6.495E+003   6.441E+003   6.537E+003   6.448E+003   6.485E+003 
 1.360E+000   6.597E+003   6.521E+003   6.558E+003   6.575E+003   6.551E+003   6.495E+003   6.443E+003   6.536E+003   6.450E+003   6.486E+003 
 1.380E+000   6.594E+003   6.520E+003   6.555E+003   6.572E+003   6.549E+003   6.495E+003   6.445E+003   6.534E+003   6.452E+003   6.486E+003 
 1.400E+000   6.590E+003   6.519E+003   6.553E+003   6.569E+003   6.547E+003   6.495E+003   6.448E+003   6.533E+003   6.454E+003   6.487E+003 
 1.420E+000   6.586E+003   6.519E+003   6.551E+003   6.566E+003   6.545E+003   6.495E+003   6.450E+003   6.532E+003   6.456E+003   6.487E+003 
 1.440E+000   6.583E+003   6.518E+003   6.549E+003   6.564E+003   6.543E+003   6.496E+003   6.452E+003   6.530E+003   6.457E+003   6.488E+003 
 1.460E+000   6.580E+003   6.517E+003   6.547E+003   6.561E+003   6.541E+003   6.496E+003   6.454E+003   6.529E+003   6.459E+003   6.488E+003 
 1.480E+000   6.577E+003   6.516E+003   6.545E+003   6.559E+003   6.540E+003   6.496E+003   6.455E+003   6.528E+003   6.461E+003   6.489E+003 
 1.500E+000   6.573E+003   6.516E+003   6.544E+003   6.557E+003   6.538E+003   6.496E+003   6.457E+003   6.527E+003   6.462E+003   6.489E+003 
 1.520E+000   6.571E+003   6.515E+003   6.542E+003   6.554E+003   6.537E+003   6.496E+003   6.459E+003   6.526E+003   6.464E+003   6.490E+003 
 1.540E+000   6.568E+003   6.515E+003   6.540E+003   6.552E+003   6.535E+003   6.497E+003   6.461E+003   6.525E+003   6.465E+003   6.490E+003 
 1.560E+000   6.565E+003   6.514E+003   6.539E+003   6.550E+003   6.534E+003   6.497E+003   6.462E+003   6.524E+003   6.467E+003   6.490E+003 
 1.580E+000   6.563E+003   6.513E+003   6.537E+003   6.548E+003   6.533E+003   6.497E+003   6.464E+003   6.523E+003   6.468E+003   6.491E+003 
 1.600E+000   6.560E+003   6.513E+003   6.536E+003   6.546E+003   6.531E+003   6.497E+003   6.465E+003   6.522E+003   6.469E+003   6.491E+003 
 1.620E+000   6.558E+003   6.512E+003   6.534E+003   6.544E+003   6.530E+003   6.497E+003   6.467E+003   6.521E+003   6.470E+003   6.492E+003 
 1.640E+000   6.555E+003   6.512E+003   6.533E+003   6.543E+003   6.529E+003   6.497E+003   6.468E+003   6.520E+003   6.472E+003   6.492E+003 
 1.660E+000   6.553E+003   6.511E+003   6.532E+003   6.541E+003   6.528E+003   6.497E+003   6.469E+003   6.520E+003   6.473E+003   6.492E+003 
 1.680E+000   6.551E+003   6.511E+003   6.530E+003   6.539E+003   6.527E+003   6.498E+003   6.470E+003   6.519E+003   6.474E+003   6.493E+003 
 1.700E+000   6.549E+003   6.511E+003   6.529E+003   6.538E+003   6.526E+003   6.498E+003   6.472E+003   6.518E+003   6.475E+003   6.493E+003 
 1.720E+000   6.547E+003   6.510E+003   6.528E+003   6.536E+003   6.525E+003   6.498E+003   6.473E+003   6.517E+003   6.476E+003   6.493E+003 
 1.740E+000   6.545E+003   6.510E+003   6.527E+003   6.535E+003   6.524E+003   6.498E+003   6.474E+003   6.517E+003   6.477E+003   6.493E+003 
 1.760E+000   6.544E+003   6.509E+003   6.526E+003   6.534E+003   6.523E+003   6.498E+003   6.475E+003   6.516E+003   6.478E+003   6.494E+003 
 1.780E+000   6.542E+003   6.509E+003   6.525E+003   6.532E+003   6.522E+003   6.498E+003   6.476E+003   6.515E+003   6.479E+003   6.494E+003 
 1.800E+000   6.540E+003   6.509E+003   6.524E+003   6.531E+003   6.521E+003   6.498E+003   6.477E+003   6.515E+003   6.480E+003   6.494E+003 
 1.820E+000   6.539E+003   6.508E+003   6.523E+003   6.530E+003   6.520E+003   6.498E+003   6.478E+003   6.514E+003   6.480E+003   6.494E+003 
 1.840E+000   6.537E+003   6.508E+003   6.522E+003   6.529E+003   6.519E+003   6.498E+003   6.479E+003   6.514E+003   6.481E+003   6.495E+003 
 1.860E+000   6.536E+003   6.508E+003   6.521E+003   6.528E+003   6.519E+003   6.498E+003   6.480E+003   6.513E+003   6.482E+003   6.495E+003 
 1.880E+000   6.534E+003   6.507E+003   6.520E+003   6.526E+003   6.518E+003   6.499E+003   6.480E+003   6.513E+003   6.483E+003   6.495E+003 
 1.900E+000   6.533E+003   6.507E+003   6.520E+003   6.525E+003   6.517E+003   6.499E+003   6.481E+003   6.512E+003   6.483E+003   6.495E+003 
 1.920E+000   6.532E+003   6.507E+003   6.519E+003   6.524E+003   6.517E+003   6.499E+003   6.482E+003   6.512E+003   6.484E+003   6.495E+003 
 1.940E+000   6.530E+003   6.507E+003   6.518E+003   6.523E+003   6.516E+003   6.499E+003   6.483E+003   6.511E+003   6.485E+003   6.496E+003 
 1.960E+000   6.529E+003   6.506E+003   6.517E+003   6.523E+003   6.515E+003   6.499E+003   6.483E+003   6.511E+003   6.485E+003   6.496E+003 
 1.980E+000   6.528E+003   6.506E+003   6.517E+003   6.522E+003   6.515E+003   6.499E+003   6.484E+003   6.510E+003   6.486E+003   6.496E+003 
 2.000E+000   6.527E+003   6.506E+003   6.516E+003   6.521E+003   6.514E+003   6.499E+003   6.485E+003   6.510E+003   6.486E+003   6.496E+003 
 2.020E+000   6.526E+003   6.506E+003   6.515E+003   6.520E+003   6.514E+003   6.499E+003   6.485E+003   6.509E+003   6.487E+003   6.496E+003 
 2.040E+000   6.525E+003   6.505E+003   6.515E+003   6.519E+003   6.513E+003   6.499E+003   6.486E+003   6.509E+003   6.487E+003   6.496E+003 
 2.060E+000   6.524E+003   6.505E+003   6.514E+003   6.518E+003   6.513E+003   6.499E+003   6.486E+003   6.509E+003   6.488E+003   6.497E+003 
 2.080E+000   6.523E+003   6.505E+003   6.514E+003   6.518E+003   6.512E+003   6.499E+003   6.487E+003   6.508E+003   6.488E+003   6.497E+003 
 2.100E+000   6.522E+003   6.505E+003   6.513E+003   6.517E+003   6.512E+003   6.499E+003   6.488E+003   6.508E+003   6.489E+003   6.497E+003 
 2.120E+000   6.521E+003   6.505E+003   6.513E+003   6.516E+003   6.511E+003   6.499E+003   6.488E+003   6.508E+003   6.489E+003   6.497E+003 
 2.140E+000   6.520E+003   6.504E+003   6.512E+003   6.516E+003   6.511E+003   6.499E+003   6.489E+003   6.507E+003   6.490E+003   6.497E+003 
 2.160E+000   6.520E+003   6.504E+003   6.512E+003   6.515E+003   6.510E+003   6.499E+003   6.489E+003   6.507E+003   6.490E+003   6.497E+003 
 2.180E+000   6.519E+003   6.504E+003   6.511E+003   6.515E+003   6.510E+003   6.499E+003   6.489E+003   6.507E+003   6.491E+003   6.497E+003 
 2.200E+000   6.518E+003   6.504E+003   6.511E+003   6.514E+003   6.510E+003   6.499E+003   6.490E+003   6.507E+003   6.491E+003   6.497E+003 
 2.220E+000   6.517E+003   6.504E+003   6.510E+003   6.513E+003   6.509E+003   6.499E+003   6.490E+003   6.506E+003   6.491E+003   6.498E+003 
 2.240E+000   6.517E+003   6.504E+003   6.510E+003   6.513E+003   6.509E+003   6.499E+003   6.491E+003   6.506E+003   6.492E+003   6.498E+003 
 2.260E+000   6.516E+003   6.503E+003   6.510E+003   6.512E+003   6.509E+003   6.500E+003   6.491E+003   6.506E+003   6.492E+003   6.498E+003 
 2.280E+000   6.515E+003   6.503E+003   6.509E+003   6.512E+003   6.508E+003   6.500E+003   6.491E+003   6.506E+003   6.492E+003   6.498E+003 
 2.300E+000   6.515E+003   6.503E+003   6.509E+003   6.511E+003   6.508E+003   6.500E+003   6.492E+003   6.505E+003   6.493E+003   6.498E+003 
 2.320E+000   6.514E+003   6.503E+003   6.508E+003   6.511E+003   6.508E+003   6.500E+003   6.492E+003   6.505E+003   6.493E+003   6.498E+003 
 2.340E+000   6.514E+003   6.503E+003   6.508E+003   6.511E+003   6.507E+003   6.500E+003   6.492E+003   6.505E+003   6.493E+003   6.498E+003 
 2.360E+000   6.513E+003   6.503E+003   6.508E+003   6.510E+003   6.507E+003   6.500E+003   6.493E+003   6.505E+003   6.493E+003   6.498E+003 
 2.380E+000   6.513E+003   6.503E+003   6.507E+003   6.510E+003   6.507E+003   6.500E+003   6.493E+003   6.505E+003   6.494E+003   6.498E+003 
 2.400E+000   6.512E+003   6.503E+003   6.507E+003   6.509E+003   6.507E+003   6.500E+003   6.493E+003   6.504E+003   6.494E+003   6.498E+003 
 2.420E+000   6.512E+003   6.503E+003   6.507E+003   6.509E+003   6.506E+003   6.500E+003   6.494E+003   6.504E+003   6.494E+003   6.498E+003 
 2.440E+000   6.511E+003   6.502E+003   6.507E+003   6.509E+003   6.506E+003   6.500E+003   6.494E+003   6.504E+003   6.494E+003   6.498E+003 
 2.460E+000   6.511E+003   6.502E+003   6.506E+003   6.508E+003   6.506E+003   6.500E+003   6.494E+003   6.504E+003   6.495E+003   6.498E+003 
 2.480E+000   6.510E+003   6.502E+003   6.506E+003   6.508E+003   6.506E+003   6.500E+003   6.494E+003   6.504E+003   6.495E+003   6.499E+003 
 2.500E+000   6.510E+003   6.502E+003   6.506E+003   6.508E+003   6.505E+003   6.500E+003   6.495E+003   6.504E+003   6.495E+003   6.499E+003 
 2.520E+000   6.510E+003   6.502E+003   6.506E+003   6.507E+003   6.505E+003   6.500E+003   6.495E+003   6.503E+003   6.495E+003   6.499E+003 
 2.540E+000   6.509E+003   6.502E+003   6.505E+003   6.507E+003   6.505E+003   6.500E+003   6.495E+003   6.503E+003   6.495E+003   6.499E+003 
 2.560E+000   6.509E+003   6.502E+003   6.505E+003   6.507E+003   6.505E+003   6.500E+003   6.495E+003   6.503E+003   6.496E+003   6.499E+003 
 2.580E+000   6.508E+003   6.502E+003   6.505E+003   6.507E+003   6.505E+003   6.500E+003   6.495E+003   6.503E+003   6.496E+003   6.499E+003 
 2.600E+000   6.508E+003   6.502E+003   6.505E+003   6.506E+003   6.504E+003   6.500E+003   6.496E+003   6.503E+003   6.496E+003   6.499E+003 
 2.620E+000   6.508E+003   6.502E+003   6.505E+003   6.506E+003   6.504E+003   6.500E+003   6.496E+003   6.503E+003   6.496E+003   6.499E+003 
 2.640E+000   6.508E+003   6.502E+003   6.504E+003   6.506E+003   6.504E+003   6.500E+003   6.496E+003   6.503E+003   6.496E+003   6.499E+003 
 2.660E+000   6.507E+003   6.502E+003   6.504E+003   6.506E+003   6.504E+003   6.500E+003   6.496E+003   6.503E+003   6.496E+003   6.499E+003 
 2.680E+000   6.507E+003   6.501E+003   6.504E+003   6.505E+003   6.504E+003   6.500E+003   6.496E+003   6.503E+003   6.497E+003   6.499E+003 
 2.700E+000   6.507E+003   6.501E+003   6.504E+003   6.505E+003   6.504E+003   6.500E+003   6.496E+003   6.502E+003   6.497E+003   6.499E+003 
 2.720E+000   6.506E+003   6.501E+003   6.504E+003   6.505E+003   6.504E+003   6.500E+003   6.497E+003   6.502E+003   6.497E+003   6.499E+003 
 2.740E+000   6.506E+003   6.501E+003   6.504E+003   6.505E+003   6.503E+003   6.500E+003   6.497E+003   6.502E+003   6.497E+003   6.499E+003 
 2.760E+000   6.506E+003   6.501E+003   6.504E+003   6.505E+003   6.503E+003   6.500E+003   6.497E+003   6.502E+003   6.497E+003   6.499E+003 
 2.780E+000   6.506E+003   6.501E+003   6.503E+003   6.504E+003   6.503E+003   6.500E+003   6.497E+003   6.502E+003   6.497E+003   6.499E+003 
 2.800E+000   6.506E+003   6.501E+003   6.503E+003   6.504E+003   6.503E+003   6.500E+003   6.497E+003   6.502E+003   6.497E+003   6.499E+003 
 2.820E+000   6.505E+003   6.501E+003   6.503E+003   6.504E+003   6.503E+003   6.500E+003   6.497E+003   6.502E+003   6.497E+003   6.499E+003 
 2.840E+000   6.505E+003   6.501E+003   6.503E+003   6.504E+003   6.503E+003   6.500E+003   6.497E+003   6.502E+003   6.498E+003   6.499E+003 
 2.860E+000   6.505E+003   6.501E+003   6.503E+003   6.504E+003   6.503E+003   6.500E+003   6.497E+003   6.502E+003   6.498E+003   6.499E+003 
 2.880E+000   6.505E+003   6.501E+003   6.503E+003   6.504E+003   6.503E+003   6.500E+003   6.498E+003   6.502E+003   6.498E+003   6.499E+003 
 2.900E+000   6.505E+003   6.501E+003   6.503E+003   6.504E+003   6.502E+003   6.500E+003   6.498E+003   6.502E+003   6.498E+003   6.499E+003 
 2.920E+000   6.504E+003   6.501E+003   6.503E+003   6.503E+003   6.502E+003   6.500E+003   6.498E+003   6.502E+003   6.498E+003   6.499E+003 
 2.940E+000   6.504E+003   6.501E+003   6.502E+003   6.503E+003   6.502E+003   6.500E+003   6.498E+003   6.502E+003   6.498E+003   6.499E+003 
 2.960E+000   6.504E+003   6.501E+003   6.502E+003   6.503E+003   6.502E+003   6.500E+003   6.498E+003   6.501E+003   6.498E+003   6.499E+003 
 2.980E+000   6.504E+003   6.501E+003   6.502E+003   6.503E+003   6.502E+003   6.500E+003   6.498E+003   6.501E+003   6.498E+003   6.499E+003 
 3.000E+000   6.504E+003   6.501E+003   6.502E+003   6.503E+003   6.502E+003   6.500E+003   6.498E+003   6.501E+003   6.498E+003   6.499E+003 