   =========================================================================  

                    SINGLE PHASE - SLIGHTLY-COMPRESSIBLE-FLOW                 
       CARTESIAN (variable depth/variable thickness) - FINITE DIFFERENCE      
                              BLOCK CENTERED GRID                             
                              SIMULATOR Ver. 0.0.3                            

                              capico@lenep.uenf.br                            
                           bismarckjunior@outlook.com                         

   =========================================================================  

     Project Name: dirichlet2.ini 

  nrow:                [50]
  ncol:                [50]
  initialTime:         [0]
  maxSteps:            [60]
  dt:                  [0.05]
  cf:                  [9e-006]
  cphi:                [3e-006]
  geometry:            [full]
  modGeom:             [**UNDEF**]
  modTransmissibility: [**UNDEF**]
  porosity:            [0.3]
  kx:                  [100]
  ky:                  [100]
  thickness:           [10]
  zTop:                [5.0]
  dx:                  [50]
  dy:                  [50]
  rhoSC:               [52.4]
  fproprows:           [15]
  dpprops:             [250]
  props file:          [fluidprop_.dat]
  p0:                  [14.7]
  z0:                  [10]
  wells file:          [**UNDEF**]
  output file:         [dirichletOut.dat]
  boundary file:       [dirichletBc.dat]

  ----------------------------------------------------------------------------

---------------------------------------------------------------------------------------------------------------------------------------------
  Time[Day]    P [psi]      P [psi]      P [psi]      P [psi]      P [psi]      P [psi]      P [psi]      P [psi]      P [psi]      P [psi]    
              (025,012)    (005,005)    (010,010)    (015,015)    (020,020)    (025,025)    (030,030)    (007,007)    (040,040)    (045,045)   
---------------------------------------------------------------------------------------------------------------------------------------------
 0.000E+000   7.999E+003   6.824E+003   7.390E+003   7.654E+003   7.272E+003   6.406E+003   5.600E+003   7.051E+003   5.716E+003   6.276E+003 
 5.000E-002   7.863E+003   6.793E+003   7.308E+003   7.547E+003   7.199E+003   6.413E+003   5.684E+003   6.999E+003   5.790E+003   6.297E+003 
 1.000E-001   7.738E+003   6.766E+003   7.233E+003   7.451E+003   7.133E+003   6.419E+003   5.760E+003   6.953E+003   5.856E+003   6.315E+003 
 1.500E-001   7.624E+003   6.741E+003   7.165E+003   7.363E+003   7.074E+003   6.426E+003   5.829E+003   6.911E+003   5.917E+003   6.333E+003 
 2.000E-001   7.520E+003   6.718E+003   7.103E+003   7.283E+003   7.020E+003   6.433E+003   5.892E+003   6.872E+003   5.971E+003   6.348E+003 
 2.500E-001   7.425E+003   6.698E+003   7.047E+003   7.210E+003   6.972E+003   6.439E+003   5.949E+003   6.838E+003   6.021E+003   6.362E+003 
 3.000E-001   7.339E+003   6.680E+003   6.996E+003   7.144E+003   6.928E+003   6.445E+003   6.000E+003   6.806E+003   6.066E+003   6.375E+003 
 3.500E-001   7.261E+003   6.663E+003   6.950E+003   7.084E+003   6.888E+003   6.450E+003   6.047E+003   6.778E+003   6.106E+003   6.387E+003 
 4.000E-001   7.190E+003   6.648E+003   6.908E+003   7.029E+003   6.852E+003   6.455E+003   6.090E+003   6.752E+003   6.143E+003   6.398E+003 
 4.500E-001   7.126E+003   6.634E+003   6.870E+003   6.980E+003   6.819E+003   6.459E+003   6.128E+003   6.728E+003   6.177E+003   6.407E+003 
 5.000E-001   7.068E+003   6.622E+003   6.836E+003   6.935E+003   6.790E+003   6.463E+003   6.163E+003   6.707E+003   6.207E+003   6.416E+003 
 5.500E-001   7.015E+003   6.610E+003   6.804E+003   6.895E+003   6.763E+003   6.467E+003   6.194E+003   6.688E+003   6.234E+003   6.424E+003 
 6.000E-001   6.967E+003   6.600E+003   6.776E+003   6.858E+003   6.739E+003   6.470E+003   6.223E+003   6.670E+003   6.259E+003   6.431E+003 
 6.500E-001   6.923E+003   6.591E+003   6.750E+003   6.825E+003   6.716E+003   6.473E+003   6.249E+003   6.655E+003   6.282E+003   6.437E+003 
 7.000E-001   6.884E+003   6.582E+003   6.727E+003   6.794E+003   6.696E+003   6.476E+003   6.273E+003   6.640E+003   6.302E+003   6.443E+003 
 7.500E-001   6.848E+003   6.575E+003   6.706E+003   6.767E+003   6.678E+003   6.478E+003   6.294E+003   6.627E+003   6.321E+003   6.449E+003 
 8.000E-001   6.815E+003   6.568E+003   6.687E+003   6.742E+003   6.662E+003   6.481E+003   6.313E+003   6.615E+003   6.337E+003   6.453E+003 
 8.500E-001   6.786E+003   6.561E+003   6.669E+003   6.719E+003   6.647E+003   6.483E+003   6.331E+003   6.605E+003   6.353E+003   6.458E+003 
 9.000E-001   6.759E+003   6.556E+003   6.653E+003   6.699E+003   6.633E+003   6.484E+003   6.347E+003   6.595E+003   6.366E+003   6.462E+003 
 9.500E-001   6.735E+003   6.551E+003   6.639E+003   6.680E+003   6.621E+003   6.486E+003   6.361E+003   6.586E+003   6.379E+003   6.465E+003 
 1.000E+000   6.713E+003   6.546E+003   6.626E+003   6.664E+003   6.610E+003   6.487E+003   6.374E+003   6.578E+003   6.390E+003   6.469E+003 
 1.050E+000   6.693E+003   6.542E+003   6.614E+003   6.648E+003   6.599E+003   6.489E+003   6.386E+003   6.571E+003   6.400E+003   6.471E+003 
 1.100E+000   6.675E+003   6.538E+003   6.604E+003   6.635E+003   6.590E+003   6.490E+003   6.397E+003   6.564E+003   6.410E+003   6.474E+003 
 1.150E+000   6.659E+003   6.534E+003   6.594E+003   6.622E+003   6.582E+003   6.491E+003   6.406E+003   6.558E+003   6.418E+003   6.477E+003 
 1.200E+000   6.644E+003   6.531E+003   6.585E+003   6.611E+003   6.574E+003   6.492E+003   6.415E+003   6.553E+003   6.426E+003   6.479E+003 
 1.250E+000   6.631E+003   6.528E+003   6.577E+003   6.600E+003   6.567E+003   6.493E+003   6.423E+003   6.548E+003   6.433E+003   6.481E+003 
 1.300E+000   6.618E+003   6.525E+003   6.570E+003   6.591E+003   6.561E+003   6.493E+003   6.430E+003   6.543E+003   6.439E+003   6.483E+003 
 1.350E+000   6.607E+003   6.523E+003   6.564E+003   6.583E+003   6.556E+003   6.494E+003   6.437E+003   6.539E+003   6.445E+003   6.484E+003 
 1.400E+000   6.597E+003   6.521E+003   6.558E+003   6.575E+003   6.550E+003   6.495E+003   6.443E+003   6.536E+003   6.450E+003   6.486E+003 
 1.450E+000   6.588E+003   6.519E+003   6.552E+003   6.568E+003   6.546E+003   6.495E+003   6.448E+003   6.532E+003   6.455E+003   6.487E+003 
 1.500E+000   6.580E+003   6.517E+003   6.547E+003   6.562E+003   6.542E+003   6.496E+003   6.453E+003   6.529E+003   6.459E+003   6.488E+003 
 1.550E+000   6.573E+003   6.516E+003   6.543E+003   6.556E+003   6.538E+003   6.496E+003   6.458E+003   6.527E+003   6.463E+003   6.489E+003 
 1.600E+000   6.566E+003   6.514E+003   6.539E+003   6.551E+003   6.534E+003   6.497E+003   6.462E+003   6.524E+003   6.466E+003   6.490E+003 
 1.650E+000   6.560E+003   6.513E+003   6.535E+003   6.546E+003   6.531E+003   6.497E+003   6.465E+003   6.522E+003   6.469E+003   6.491E+003 
 1.700E+000   6.554E+003   6.512E+003   6.532E+003   6.542E+003   6.528E+003   6.497E+003   6.469E+003   6.520E+003   6.472E+003   6.492E+003 
 1.750E+000   6.549E+003   6.511E+003   6.529E+003   6.538E+003   6.526E+003   6.498E+003   6.472E+003   6.518E+003   6.475E+003   6.493E+003 
 1.800E+000   6.545E+003   6.510E+003   6.526E+003   6.534E+003   6.523E+003   6.498E+003   6.474E+003   6.516E+003   6.477E+003   6.493E+003 
 1.850E+000   6.540E+003   6.509E+003   6.524E+003   6.531E+003   6.521E+003   6.498E+003   6.477E+003   6.515E+003   6.479E+003   6.494E+003 
 1.900E+000   6.537E+003   6.508E+003   6.522E+003   6.528E+003   6.519E+003   6.498E+003   6.479E+003   6.513E+003   6.481E+003   6.495E+003 
 1.950E+000   6.533E+003   6.507E+003   6.520E+003   6.526E+003   6.517E+003   6.499E+003   6.481E+003   6.512E+003   6.483E+003   6.495E+003 
 2.000E+000   6.530E+003   6.506E+003   6.518E+003   6.523E+003   6.516E+003   6.499E+003   6.483E+003   6.511E+003   6.485E+003   6.496E+003 
 2.050E+000   6.527E+003   6.506E+003   6.516E+003   6.521E+003   6.514E+003   6.499E+003   6.484E+003   6.510E+003   6.486E+003   6.496E+003 
 2.100E+000   6.525E+003   6.505E+003   6.515E+003   6.519E+003   6.513E+003   6.499E+003   6.486E+003   6.509E+003   6.487E+003   6.496E+003 
 2.150E+000   6.523E+003   6.505E+003   6.513E+003   6.517E+003   6.512E+003   6.499E+003   6.487E+003   6.508E+003   6.489E+003   6.497E+003 
 2.200E+000   6.520E+003   6.504E+003   6.512E+003   6.516E+003   6.511E+003   6.499E+003   6.488E+003   6.507E+003   6.490E+003   6.497E+003 
 2.250E+000   6.519E+003   6.504E+003   6.511E+003   6.514E+003   6.510E+003   6.499E+003   6.490E+003   6.507E+003   6.491E+003   6.497E+003 
 2.300E+000   6.517E+003   6.504E+003   6.510E+003   6.513E+003   6.509E+003   6.499E+003   6.491E+003   6.506E+003   6.492E+003   6.498E+003 
 2.350E+000   6.515E+003   6.503E+003   6.509E+003   6.512E+003   6.508E+003   6.500E+003   6.491E+003   6.506E+003   6.492E+003   6.498E+003 
 2.400E+000   6.514E+003   6.503E+003   6.508E+003   6.511E+003   6.507E+003   6.500E+003   6.492E+003   6.505E+003   6.493E+003   6.498E+003 
 2.450E+000   6.513E+003   6.503E+003   6.507E+003   6.510E+003   6.507E+003   6.500E+003   6.493E+003   6.505E+003   6.494E+003   6.498E+003 
 2.500E+000   6.511E+003   6.502E+003   6.507E+003   6.509E+003   6.506E+003   6.500E+003   6.494E+003   6.504E+003   6.494E+003   6.498E+003 
 2.550E+000   6.510E+003   6.502E+003   6.506E+003   6.508E+003   6.506E+003   6.500E+003   6.494E+003   6.504E+003   6.495E+003   6.499E+003 
 2.600E+000   6.509E+003   6.502E+003   6.506E+003   6.507E+003   6.505E+003   6.500E+003   6.495E+003   6.503E+003   6.495E+003   6.499E+003 
 2.650E+000   6.509E+003   6.502E+003   6.505E+003   6.507E+003   6.505E+003   6.500E+003   6.495E+003   6.503E+003   6.496E+003   6.499E+003 
 2.700E+000   6.508E+003   6.502E+003   6.505E+003   6.506E+003   6.504E+003   6.500E+003   6.496E+003   6.503E+003   6.496E+003   6.499E+003 
 2.750E+000   6.507E+003   6.502E+003   6.504E+003   6.505E+003   6.504E+003   6.500E+003   6.496E+003   6.503E+003   6.497E+003   6.499E+003 
 2.800E+000   6.506E+003   6.501E+003   6.504E+003   6.505E+003   6.503E+003   6.500E+003   6.497E+003   6.502E+003   6.497E+003   6.499E+003 
 2.850E+000   6.506E+003   6.501E+003   6.503E+003   6.505E+003   6.503E+003   6.500E+003   6.497E+003   6.502E+003   6.497E+003   6.499E+003 
 2.900E+000   6.505E+003   6.501E+003   6.503E+003   6.504E+003   6.503E+003   6.500E+003   6.497E+003   6.502E+003   6.497E+003   6.499E+003 
 2.950E+000   6.505E+003   6.501E+003   6.503E+003   6.504E+003   6.503E+003   6.500E+003   6.497E+003   6.502E+003   6.498E+003   6.499E+003 
 3.000E+000   6.504E+003   6.501E+003   6.503E+003   6.503E+003   6.502E+003   6.500E+003   6.498E+003   6.502E+003   6.498E+003   6.499E+003 