   =========================================================================  

                    SINGLE PHASE - SLIGHTLY-COMPRESSIBLE-FLOW                 
       CARTESIAN (variable depth/variable thickness) - FINITE DIFFERENCE      
                              BLOCK CENTERED GRID                             
                              SIMULATOR Ver. 0.0.3                            

                              capico@lenep.uenf.br                            
                           bismarckjunior@outlook.com                         

   =========================================================================  

     Project Name: dirichlet2.ini 

  nrow:                [50]
  ncol:                [50]
  initialTime:         [0]
  maxSteps:            [100]
  dt:                  [0.03]
  cf:                  [9e-006]
  cphi:                [3e-006]
  geometry:            [full]
  modGeom:             [**UNDEF**]
  modTransmissibility: [**UNDEF**]
  porosity:            [0.3]
  kx:                  [100]
  ky:                  [100]
  thickness:           [10]
  zTop:                [5.0]
  dx:                  [50]
  dy:                  [50]
  rhoSC:               [52.4]
  fproprows:           [15]
  dpprops:             [250]
  props file:          [fluidprop_.dat]
  p0:                  [14.7]
  z0:                  [10]
  wells file:          [**UNDEF**]
  output file:         [dirichletOut.dat]
  boundary file:       [dirichletBc.dat]

  ----------------------------------------------------------------------------

---------------------------------------------------------------------------------------------------------------------------------------------
  Time[Day]    P [psi]      P [psi]      P [psi]      P [psi]      P [psi]      P [psi]      P [psi]      P [psi]      P [psi]      P [psi]    
              (025,012)    (005,005)    (010,010)    (015,015)    (020,020)    (025,025)    (030,030)    (007,007)    (040,040)    (045,045)   
---------------------------------------------------------------------------------------------------------------------------------------------
 0.000E+000   7.999E+003   6.824E+003   7.390E+003   7.654E+003   7.272E+003   6.406E+003   5.600E+003   7.051E+003   5.716E+003   6.276E+003 
 3.000E-002   7.915E+003   6.805E+003   7.339E+003   7.587E+003   7.226E+003   6.410E+003   5.653E+003   7.019E+003   5.762E+003   6.289E+003 
 6.000E-002   7.834E+003   6.787E+003   7.291E+003   7.525E+003   7.184E+003   6.414E+003   5.702E+003   6.989E+003   5.805E+003   6.301E+003 
 9.000E-002   7.758E+003   6.770E+003   7.245E+003   7.466E+003   7.144E+003   6.418E+003   5.748E+003   6.960E+003   5.846E+003   6.312E+003 
 1.200E-001   7.686E+003   6.754E+003   7.202E+003   7.410E+003   7.106E+003   6.422E+003   5.792E+003   6.933E+003   5.884E+003   6.323E+003 
 1.500E-001   7.618E+003   6.740E+003   7.161E+003   7.358E+003   7.071E+003   6.426E+003   5.833E+003   6.908E+003   5.920E+003   6.334E+003 
 1.800E-001   7.554E+003   6.726E+003   7.123E+003   7.308E+003   7.037E+003   6.430E+003   5.872E+003   6.884E+003   5.954E+003   6.343E+003 
 2.100E-001   7.493E+003   6.713E+003   7.087E+003   7.261E+003   7.006E+003   6.434E+003   5.909E+003   6.862E+003   5.986E+003   6.352E+003 
 2.400E-001   7.435E+003   6.700E+003   7.053E+003   7.217E+003   6.977E+003   6.438E+003   5.943E+003   6.841E+003   6.016E+003   6.361E+003 
 2.700E-001   7.381E+003   6.689E+003   7.021E+003   7.176E+003   6.949E+003   6.442E+003   5.976E+003   6.821E+003   6.044E+003   6.369E+003 
 3.000E-001   7.330E+003   6.678E+003   6.991E+003   7.137E+003   6.923E+003   6.445E+003   6.006E+003   6.803E+003   6.071E+003   6.377E+003 
 3.300E-001   7.282E+003   6.667E+003   6.962E+003   7.100E+003   6.899E+003   6.448E+003   6.035E+003   6.785E+003   6.096E+003   6.384E+003 
 3.600E-001   7.237E+003   6.658E+003   6.935E+003   7.065E+003   6.875E+003   6.451E+003   6.062E+003   6.769E+003   6.119E+003   6.391E+003 
 3.900E-001   7.194E+003   6.649E+003   6.910E+003   7.032E+003   6.854E+003   6.454E+003   6.088E+003   6.753E+003   6.141E+003   6.397E+003 
 4.200E-001   7.154E+003   6.640E+003   6.886E+003   7.001E+003   6.833E+003   6.457E+003   6.112E+003   6.738E+003   6.162E+003   6.403E+003 
 4.500E-001   7.116E+003   6.632E+003   6.864E+003   6.972E+003   6.814E+003   6.460E+003   6.134E+003   6.725E+003   6.182E+003   6.409E+003 
 4.800E-001   7.080E+003   6.624E+003   6.843E+003   6.945E+003   6.796E+003   6.462E+003   6.156E+003   6.712E+003   6.201E+003   6.414E+003 
 5.100E-001   7.046E+003   6.617E+003   6.823E+003   6.919E+003   6.779E+003   6.465E+003   6.176E+003   6.699E+003   6.218E+003   6.419E+003 
 5.400E-001   7.014E+003   6.610E+003   6.804E+003   6.894E+003   6.763E+003   6.467E+003   6.195E+003   6.688E+003   6.235E+003   6.424E+003 
 5.700E-001   6.984E+003   6.604E+003   6.787E+003   6.872E+003   6.747E+003   6.469E+003   6.213E+003   6.677E+003   6.250E+003   6.428E+003 
 6.000E-001   6.956E+003   6.598E+003   6.770E+003   6.850E+003   6.733E+003   6.471E+003   6.229E+003   6.667E+003   6.265E+003   6.433E+003 
 6.300E-001   6.930E+003   6.592E+003   6.754E+003   6.830E+003   6.720E+003   6.473E+003   6.245E+003   6.657E+003   6.278E+003   6.436E+003 
 6.600E-001   6.905E+003   6.587E+003   6.739E+003   6.810E+003   6.707E+003   6.474E+003   6.260E+003   6.648E+003   6.291E+003   6.440E+003 
 6.900E-001   6.881E+003   6.582E+003   6.726E+003   6.792E+003   6.695E+003   6.476E+003   6.274E+003   6.639E+003   6.303E+003   6.444E+003 
 7.200E-001   6.859E+003   6.577E+003   6.712E+003   6.775E+003   6.684E+003   6.478E+003   6.287E+003   6.631E+003   6.315E+003   6.447E+003 
 7.500E-001   6.838E+003   6.573E+003   6.700E+003   6.759E+003   6.673E+003   6.479E+003   6.300E+003   6.624E+003   6.326E+003   6.450E+003 
 7.800E-001   6.818E+003   6.568E+003   6.688E+003   6.744E+003   6.663E+003   6.480E+003   6.312E+003   6.616E+003   6.336E+003   6.453E+003 
 8.100E-001   6.800E+003   6.564E+003   6.678E+003   6.730E+003   6.654E+003   6.482E+003   6.323E+003   6.610E+003   6.345E+003   6.456E+003 
 8.400E-001   6.782E+003   6.561E+003   6.667E+003   6.717E+003   6.645E+003   6.483E+003   6.333E+003   6.603E+003   6.354E+003   6.458E+003 
 8.700E-001   6.766E+003   6.557E+003   6.657E+003   6.704E+003   6.637E+003   6.484E+003   6.343E+003   6.597E+003   6.363E+003   6.461E+003 
 9.000E-001   6.751E+003   6.554E+003   6.648E+003   6.692E+003   6.629E+003   6.485E+003   6.352E+003   6.592E+003   6.371E+003   6.463E+003 
 9.300E-001   6.736E+003   6.551E+003   6.640E+003   6.681E+003   6.621E+003   6.486E+003   6.361E+003   6.586E+003   6.378E+003   6.465E+003 
 9.600E-001   6.722E+003   6.548E+003   6.632E+003   6.671E+003   6.614E+003   6.487E+003   6.369E+003   6.581E+003   6.386E+003   6.467E+003 
 9.900E-001   6.709E+003   6.545E+003   6.624E+003   6.661E+003   6.608E+003   6.488E+003   6.377E+003   6.577E+003   6.392E+003   6.469E+003 
 1.020E+000   6.697E+003   6.542E+003   6.617E+003   6.651E+003   6.601E+003   6.488E+003   6.384E+003   6.572E+003   6.398E+003   6.471E+003 
 1.050E+000   6.686E+003   6.540E+003   6.610E+003   6.643E+003   6.596E+003   6.489E+003   6.391E+003   6.568E+003   6.404E+003   6.473E+003 
 1.080E+000   6.675E+003   6.538E+003   6.604E+003   6.634E+003   6.590E+003   6.490E+003   6.397E+003   6.564E+003   6.410E+003   6.474E+003 
 1.110E+000   6.665E+003   6.535E+003   6.598E+003   6.627E+003   6.585E+003   6.491E+003   6.403E+003   6.560E+003   6.415E+003   6.476E+003 
 1.140E+000   6.655E+003   6.533E+003   6.592E+003   6.619E+003   6.580E+003   6.491E+003   6.409E+003   6.557E+003   6.420E+003   6.477E+003 
 1.170E+000   6.646E+003   6.531E+003   6.587E+003   6.612E+003   6.575E+003   6.492E+003   6.414E+003   6.554E+003   6.425E+003   6.478E+003 
 1.200E+000   6.638E+003   6.530E+003   6.582E+003   6.606E+003   6.571E+003   6.492E+003   6.419E+003   6.550E+003   6.429E+003   6.480E+003 
 1.230E+000   6.630E+003   6.528E+003   6.577E+003   6.600E+003   6.567E+003   6.493E+003   6.424E+003   6.547E+003   6.433E+003   6.481E+003 
 1.260E+000   6.622E+003   6.526E+003   6.572E+003   6.594E+003   6.563E+003   6.493E+003   6.428E+003   6.545E+003   6.437E+003   6.482E+003 
 1.290E+000   6.615E+003   6.525E+003   6.568E+003   6.588E+003   6.560E+003   6.494E+003   6.433E+003   6.542E+003   6.441E+003   6.483E+003 
 1.320E+000   6.608E+003   6.523E+003   6.564E+003   6.583E+003   6.556E+003   6.494E+003   6.437E+003   6.540E+003   6.444E+003   6.484E+003 
 1.350E+000   6.602E+003   6.522E+003   6.560E+003   6.579E+003   6.553E+003   6.495E+003   6.440E+003   6.537E+003   6.448E+003   6.485E+003 
 1.380E+000   6.596E+003   6.521E+003   6.557E+003   6.574E+003   6.550E+003   6.495E+003   6.444E+003   6.535E+003   6.451E+003   6.486E+003 
 1.410E+000   6.591E+003   6.519E+003   6.554E+003   6.570E+003   6.547E+003   6.495E+003   6.447E+003   6.533E+003   6.454E+003   6.487E+003 
 1.440E+000   6.585E+003   6.518E+003   6.551E+003   6.566E+003   6.544E+003   6.496E+003   6.450E+003   6.531E+003   6.456E+003   6.487E+003 
 1.470E+000   6.580E+003   6.517E+003   6.548E+003   6.562E+003   6.542E+003   6.496E+003   6.453E+003   6.529E+003   6.459E+003   6.488E+003 
 1.500E+000   6.576E+003   6.516E+003   6.545E+003   6.558E+003   6.539E+003   6.496E+003   6.456E+003   6.528E+003   6.461E+003   6.489E+003 
 1.530E+000   6.571E+003   6.515E+003   6.542E+003   6.555E+003   6.537E+003   6.496E+003   6.458E+003   6.526E+003   6.463E+003   6.490E+003 
 1.560E+000   6.567E+003   6.514E+003   6.540E+003   6.552E+003   6.535E+003   6.497E+003   6.461E+003   6.525E+003   6.466E+003   6.490E+003 
 1.590E+000   6.563E+003   6.514E+003   6.538E+003   6.549E+003   6.533E+003   6.497E+003   6.463E+003   6.523E+003   6.468E+003   6.491E+003 
 1.620E+000   6.560E+003   6.513E+003   6.535E+003   6.546E+003   6.531E+003   6.497E+003   6.465E+003   6.522E+003   6.470E+003   6.491E+003 
 1.650E+000   6.556E+003   6.512E+003   6.533E+003   6.543E+003   6.529E+003   6.497E+003   6.467E+003   6.521E+003   6.471E+003   6.492E+003 
 1.680E+000   6.553E+003   6.511E+003   6.531E+003   6.541E+003   6.528E+003   6.497E+003   6.469E+003   6.519E+003   6.473E+003   6.492E+003 
 1.710E+000   6.550E+003   6.511E+003   6.530E+003   6.538E+003   6.526E+003   6.498E+003   6.471E+003   6.518E+003   6.475E+003   6.493E+003 
 1.740E+000   6.547E+003   6.510E+003   6.528E+003   6.536E+003   6.525E+003   6.498E+003   6.473E+003   6.517E+003   6.476E+003   6.493E+003 
 1.770E+000   6.544E+003   6.510E+003   6.526E+003   6.534E+003   6.523E+003   6.498E+003   6.474E+003   6.516E+003   6.477E+003   6.494E+003 
 1.800E+000   6.542E+003   6.509E+003   6.525E+003   6.532E+003   6.522E+003   6.498E+003   6.476E+003   6.515E+003   6.479E+003   6.494E+003 
 1.830E+000   6.539E+003   6.508E+003   6.523E+003   6.530E+003   6.521E+003   6.498E+003   6.477E+003   6.514E+003   6.480E+003   6.494E+003 
 1.860E+000   6.537E+003   6.508E+003   6.522E+003   6.529E+003   6.519E+003   6.498E+003   6.479E+003   6.514E+003   6.481E+003   6.495E+003 
 1.890E+000   6.535E+003   6.507E+003   6.521E+003   6.527E+003   6.518E+003   6.499E+003   6.480E+003   6.513E+003   6.482E+003   6.495E+003 
 1.920E+000   6.533E+003   6.507E+003   6.519E+003   6.525E+003   6.517E+003   6.499E+003   6.481E+003   6.512E+003   6.483E+003   6.495E+003 
 1.950E+000   6.531E+003   6.507E+003   6.518E+003   6.524E+003   6.516E+003   6.499E+003   6.482E+003   6.511E+003   6.484E+003   6.496E+003 
 1.980E+000   6.529E+003   6.506E+003   6.517E+003   6.523E+003   6.515E+003   6.499E+003   6.483E+003   6.511E+003   6.485E+003   6.496E+003 
 2.010E+000   6.527E+003   6.506E+003   6.516E+003   6.521E+003   6.514E+003   6.499E+003   6.484E+003   6.510E+003   6.486E+003   6.496E+003 
 2.040E+000   6.526E+003   6.506E+003   6.515E+003   6.520E+003   6.514E+003   6.499E+003   6.485E+003   6.509E+003   6.487E+003   6.496E+003 
 2.070E+000   6.524E+003   6.505E+003   6.514E+003   6.519E+003   6.513E+003   6.499E+003   6.486E+003   6.509E+003   6.488E+003   6.496E+003 
 2.100E+000   6.523E+003   6.505E+003   6.514E+003   6.518E+003   6.512E+003   6.499E+003   6.487E+003   6.508E+003   6.488E+003   6.497E+003 
 2.130E+000   6.522E+003   6.505E+003   6.513E+003   6.517E+003   6.511E+003   6.499E+003   6.488E+003   6.508E+003   6.489E+003   6.497E+003 
 2.160E+000   6.520E+003   6.504E+003   6.512E+003   6.516E+003   6.511E+003   6.499E+003   6.488E+003   6.507E+003   6.490E+003   6.497E+003 
 2.190E+000   6.519E+003   6.504E+003   6.511E+003   6.515E+003   6.510E+003   6.499E+003   6.489E+003   6.507E+003   6.490E+003   6.497E+003 
 2.220E+000   6.518E+003   6.504E+003   6.511E+003   6.514E+003   6.510E+003   6.499E+003   6.490E+003   6.507E+003   6.491E+003   6.497E+003 
 2.250E+000   6.517E+003   6.504E+003   6.510E+003   6.513E+003   6.509E+003   6.499E+003   6.490E+003   6.506E+003   6.491E+003   6.498E+003 
 2.280E+000   6.516E+003   6.503E+003   6.510E+003   6.512E+003   6.509E+003   6.500E+003   6.491E+003   6.506E+003   6.492E+003   6.498E+003 
 2.310E+000   6.515E+003   6.503E+003   6.509E+003   6.512E+003   6.508E+003   6.500E+003   6.492E+003   6.506E+003   6.492E+003   6.498E+003 
 2.340E+000   6.514E+003   6.503E+003   6.508E+003   6.511E+003   6.508E+003   6.500E+003   6.492E+003   6.505E+003   6.493E+003   6.498E+003 
 2.370E+000   6.513E+003   6.503E+003   6.508E+003   6.510E+003   6.507E+003   6.500E+003   6.493E+003   6.505E+003   6.493E+003   6.498E+003 
 2.400E+000   6.513E+003   6.503E+003   6.508E+003   6.510E+003   6.507E+003   6.500E+003   6.493E+003   6.505E+003   6.494E+003   6.498E+003 
 2.430E+000   6.512E+003   6.503E+003   6.507E+003   6.509E+003   6.506E+003   6.500E+003   6.493E+003   6.504E+003   6.494E+003   6.498E+003 
 2.460E+000   6.511E+003   6.502E+003   6.507E+003   6.509E+003   6.506E+003   6.500E+003   6.494E+003   6.504E+003   6.494E+003   6.498E+003 
 2.490E+000   6.511E+003   6.502E+003   6.506E+003   6.508E+003   6.506E+003   6.500E+003   6.494E+003   6.504E+003   6.495E+003   6.498E+003 
 2.520E+000   6.510E+003   6.502E+003   6.506E+003   6.508E+003   6.505E+003   6.500E+003   6.495E+003   6.504E+003   6.495E+003   6.499E+003 
 2.550E+000   6.509E+003   6.502E+003   6.506E+003   6.507E+003   6.505E+003   6.500E+003   6.495E+003   6.503E+003   6.495E+003   6.499E+003 
 2.580E+000   6.509E+003   6.502E+003   6.505E+003   6.507E+003   6.505E+003   6.500E+003   6.495E+003   6.503E+003   6.496E+003   6.499E+003 
 2.610E+000   6.508E+003   6.502E+003   6.505E+003   6.507E+003   6.505E+003   6.500E+003   6.495E+003   6.503E+003   6.496E+003   6.499E+003 
 2.640E+000   6.508E+003   6.502E+003   6.505E+003   6.506E+003   6.504E+003   6.500E+003   6.496E+003   6.503E+003   6.496E+003   6.499E+003 
 2.670E+000   6.507E+003   6.502E+003   6.504E+003   6.506E+003   6.504E+003   6.500E+003   6.496E+003   6.503E+003   6.496E+003   6.499E+003 
 2.700E+000   6.507E+003   6.502E+003   6.504E+003   6.505E+003   6.504E+003   6.500E+003   6.496E+003   6.503E+003   6.497E+003   6.499E+003 
 2.730E+000   6.507E+003   6.501E+003   6.504E+003   6.505E+003   6.504E+003   6.500E+003   6.496E+003   6.502E+003   6.497E+003   6.499E+003 
 2.760E+000   6.506E+003   6.501E+003   6.504E+003   6.505E+003   6.503E+003   6.500E+003   6.497E+003   6.502E+003   6.497E+003   6.499E+003 
 2.790E+000   6.506E+003   6.501E+003   6.503E+003   6.505E+003   6.503E+003   6.500E+003   6.497E+003   6.502E+003   6.497E+003   6.499E+003 
 2.820E+000   6.506E+003   6.501E+003   6.503E+003   6.504E+003   6.503E+003   6.500E+003   6.497E+003   6.502E+003   6.497E+003   6.499E+003 
 2.850E+000   6.505E+003   6.501E+003   6.503E+003   6.504E+003   6.503E+003   6.500E+003   6.497E+003   6.502E+003   6.497E+003   6.499E+003 
 2.880E+000   6.505E+003   6.501E+003   6.503E+003   6.504E+003   6.503E+003   6.500E+003   6.497E+003   6.502E+003   6.498E+003   6.499E+003 
 2.910E+000   6.505E+003   6.501E+003   6.503E+003   6.504E+003   6.503E+003   6.500E+003   6.498E+003   6.502E+003   6.498E+003   6.499E+003 
 2.940E+000   6.504E+003   6.501E+003   6.503E+003   6.503E+003   6.502E+003   6.500E+003   6.498E+003   6.502E+003   6.498E+003   6.499E+003 
 2.970E+000   6.504E+003   6.501E+003   6.502E+003   6.503E+003   6.502E+003   6.500E+003   6.498E+003   6.502E+003   6.498E+003   6.499E+003 
 3.000E+000   6.504E+003   6.501E+003   6.502E+003   6.503E+003   6.502E+003   6.500E+003   6.498E+003   6.501E+003   6.498E+003   6.499E+003 