   =========================================================================  

                    SINGLE PHASE - SLIGHTLY-COMPRESSIBLE-FLOW                 
       CARTESIAN (variable depth/variable thickness) - FINITE DIFFERENCE      
                              BLOCK CENTERED GRID                             
                              SIMULATOR Ver. 0.0.3                            

                              capico@lenep.uenf.br                            
                           bismarckjunior@outlook.com                         

   =========================================================================  

     Project Name: fiveSpot.ini 

  nrow:                [42]
  ncol:                [42]
  initialTime:         [0]
  maxSteps:            [50]
  dt:                  [0.001]
  cf:                  [9e-006]
  cphi:                [3e-006]
  geometry:            [full]
  modGeom:             [**UNDEF**]
  modTransmissibility: [**UNDEF**]
  porosity:            [0.2]
  kx:                  [100]
  ky:                  [100]
  thickness:           [1]
  zTop:                [5.0]
  dx:                  [10]
  dy:                  [10]
  rhoSC:               [52.4]
  fproprows:           [8]
  dpprops:             [500]
  props file:          [fluidprop.dat]
  p0:                  [7500]
  z0:                  [10]
  wells file:          [fiveSpotWells.dat]
  output file:         [fiveSpotOut.dat]
  boundary file:       [**UNDEF**]

  ----------------------------------------------------------------------------

---------------------------------------------------------------
  Time[Day]    P [psi]     Pwf [psi]     P [psi]     Pwf [psi]   
              (010,010)    (010,010)    (031,031)    (031,031)   
---------------------------------------------------------------
 0.000E+000   7.498E+003   7.488E+003   7.498E+003   7.509E+003 
 1.000E-003   7.377E+003   7.366E+003   7.620E+003   7.631E+003 
 2.000E-003   7.349E+003   7.338E+003   7.648E+003   7.659E+003 
 3.000E-003   7.335E+003   7.325E+003   7.662E+003   7.673E+003 
 4.000E-003   7.326E+003   7.316E+003   7.671E+003   7.682E+003 
 5.000E-003   7.320E+003   7.309E+003   7.677E+003   7.688E+003 
 6.000E-003   7.315E+003   7.304E+003   7.683E+003   7.693E+003 
 7.000E-003   7.310E+003   7.300E+003   7.687E+003   7.698E+003 
 8.000E-003   7.307E+003   7.296E+003   7.691E+003   7.702E+003 
 9.000E-003   7.304E+003   7.293E+003   7.694E+003   7.705E+003 
 1.000E-002   7.301E+003   7.290E+003   7.697E+003   7.708E+003 
 1.100E-002   7.298E+003   7.287E+003   7.699E+003   7.710E+003 
 1.200E-002   7.296E+003   7.285E+003   7.702E+003   7.713E+003 
 1.300E-002   7.294E+003   7.283E+003   7.704E+003   7.715E+003 
 1.400E-002   7.292E+003   7.281E+003   7.706E+003   7.717E+003 
 1.500E-002   7.290E+003   7.280E+003   7.707E+003   7.718E+003 
 1.600E-002   7.289E+003   7.278E+003   7.709E+003   7.720E+003 
 1.700E-002   7.287E+003   7.277E+003   7.710E+003   7.721E+003 
 1.800E-002   7.286E+003   7.275E+003   7.712E+003   7.723E+003 
 1.900E-002   7.285E+003   7.274E+003   7.713E+003   7.724E+003 
 2.000E-002   7.284E+003   7.273E+003   7.714E+003   7.725E+003 
 2.100E-002   7.283E+003   7.272E+003   7.715E+003   7.726E+003 
 2.200E-002   7.282E+003   7.271E+003   7.716E+003   7.727E+003 
 2.300E-002   7.281E+003   7.270E+003   7.717E+003   7.728E+003 
 2.400E-002   7.280E+003   7.269E+003   7.718E+003   7.729E+003 
 2.500E-002   7.279E+003   7.269E+003   7.718E+003   7.729E+003 
 2.600E-002   7.279E+003   7.268E+003   7.719E+003   7.730E+003 
 2.700E-002   7.278E+003   7.267E+003   7.720E+003   7.731E+003 
 2.800E-002   7.278E+003   7.267E+003   7.720E+003   7.731E+003 
 2.900E-002   7.277E+003   7.266E+003   7.721E+003   7.732E+003 
 3.000E-002   7.276E+003   7.266E+003   7.721E+003   7.732E+003 
 3.100E-002   7.276E+003   7.265E+003   7.722E+003   7.733E+003 
 3.200E-002   7.276E+003   7.265E+003   7.722E+003   7.733E+003 
 3.300E-002   7.275E+003   7.265E+003   7.723E+003   7.733E+003 
 3.400E-002   7.275E+003   7.264E+003   7.723E+003   7.734E+003 
 3.500E-002   7.275E+003   7.264E+003   7.723E+003   7.734E+003 
 3.600E-002   7.274E+003   7.264E+003   7.724E+003   7.734E+003 
 3.700E-002   7.274E+003   7.263E+003   7.724E+003   7.735E+003 
 3.800E-002   7.274E+003   7.263E+003   7.724E+003   7.735E+003 
 3.900E-002   7.274E+003   7.263E+003   7.724E+003   7.735E+003 
 4.000E-002   7.273E+003   7.263E+003   7.725E+003   7.735E+003 
 4.100E-002   7.273E+003   7.262E+003   7.725E+003   7.736E+003 
 4.200E-002   7.273E+003   7.262E+003   7.725E+003   7.736E+003 
 4.300E-002   7.273E+003   7.262E+003   7.725E+003   7.736E+003 
 4.400E-002   7.273E+003   7.262E+003   7.725E+003   7.736E+003 
 4.500E-002   7.273E+003   7.262E+003   7.725E+003   7.736E+003 
 4.600E-002   7.272E+003   7.262E+003   7.726E+003   7.736E+003 
 4.700E-002   7.272E+003   7.262E+003   7.726E+003   7.737E+003 
 4.800E-002   7.272E+003   7.261E+003   7.726E+003   7.737E+003 
 4.900E-002   7.272E+003   7.261E+003   7.726E+003   7.737E+003 
 5.000E-002   7.272E+003   7.261E+003   7.726E+003   7.737E+003 